# 1.rho_tor 2.rho_pol 3.Te(keV) 4.ne(10^19m^-3)
#
0.000000000000000000e+00 0.000000000000000000e+00 1.040617334603563204e+00 7.230247680602803761e+00
5.780549421694903406e-02 8.838834764831871027e-02 1.040617317875296211e+00 7.230247663062437269e+00
8.200205497163555457e-02 1.249999999999999029e-01 1.040617161601578466e+00 7.230247459450954040e+00
1.006757479788508852e-01 1.530931089239487009e-01 1.040616650363025864e+00 7.230246702112823165e+00
1.165429736017842277e-01 1.767766952966367544e-01 1.040615505594509216e+00 7.230244853412050254e+00
1.307205470757286103e-01 1.976423537605237202e-01 1.040613373357238469e+00 7.230241181372105252e+00
1.436624299009922334e-01 2.165063509461097602e-01 1.040609847707770097e+00 7.230234792482928441e+00
1.556177455114464148e-01 2.338535866733712776e-01 1.040604488582839160e+00 7.230224666273054268e+00
1.668355567082472624e-01 2.500000000000000555e-01 1.040596764955286968e+00 7.230209546590961267e+00
1.775345004964666573e-01 2.651650429449552426e-01 1.040585998514613530e+00 7.230187811727167180e+00
1.877945488496297610e-01 2.795084971874737256e-01 1.040571467546520079e+00 7.230157665965818659e+00
1.976561921933228105e-01 2.931509849889644137e-01 1.040552411359480622e+00 7.230117153522419571e+00
2.071599181026595737e-01 3.061862178478972352e-01 1.040528001008629300e+00 7.230064097667340484e+00
2.163462141527544014e-01 3.186887195995490862e-01 1.040497324533564250e+00 7.229996063231534542e+00
2.252555679187211446e-01 3.307189138830737285e-01 1.040459363700797502e+00 7.229910296234871581e+00
2.339284669756739876e-01 3.423265984407288243e-01 1.040412961262477953e+00 7.229803636697308633e+00
2.424053988987270869e-01 3.535533905932738419e-01 1.040356777541837197e+00 7.229672400114887765e+00
2.507226289825443821e-01 3.644344934278312409e-01 1.040289272495507511e+00 7.229512312027183363e+00
2.588944790046640021e-01 3.750000000000000555e-01 1.040208865916540271e+00 7.229318872091477388e+00
2.669281644407262566e-01 3.852758751855611119e-01 1.040113903737076351e+00 7.229087274847844746e+00
2.748308971282957813e-01 3.952847075210474403e-01 1.040002609807170852e+00 7.228812286436222756e+00
2.826098889049372120e-01 4.050462936504913292e-01 1.039873078371448933e+00 7.228488214007025014e+00
2.902723516082150179e-01 4.145780987944249207e-01 1.039723264770857192e+00 7.228108869008520010e+00
2.978254970756938902e-01 4.238956239453293140e-01 1.039550974116106863e+00 7.227667523301147590e+00
3.052765371449382981e-01 4.330127018922192428e-01 1.039353847703406331e+00 7.227156857053908645e+00
3.126326836535128773e-01 4.419417382415922191e-01 1.039129346936465081e+00 7.226568897301435257e+00
3.199011484389824855e-01 4.506939094329986961e-01 1.038874734507703401e+00 7.225894945941472969e+00
3.270891433389110925e-01 4.592793267718458528e-01 1.038587052575754566e+00 7.225125495827533051e+00
3.342038801908640000e-01 4.677071733467427217e-01 1.038263097655297118e+00 7.224250133456346923e+00
3.412525708324051776e-01 4.759858191164943464e-01 1.037899391908747138e+00 7.223257426560329542e+00
3.482424271010995387e-01 4.841229182759271277e-01 1.037492150497104415e+00 7.222134794686628112e+00
3.551806608345116079e-01 4.921254921257381953e-01 1.037037244609060327e+00 7.220868360571360611e+00
3.620744838702057988e-01 4.999999999999999445e-01 1.036530159743150659e+00 7.219442779794039033e+00
3.689302310210008651e-01 5.077524002897475519e-01 1.035966024993980827e+00 7.217841263254263673e+00
3.757498475857080633e-01 5.153882032022074622e-01 1.035339944118875755e+00 7.216046470347776243e+00
3.825339084202428186e-01 5.229125165837972267e-01 1.034646856407729576e+00 7.214040086783359840e+00
3.892829879235329971e-01 5.303300858899105963e-01 1.033881437240777634e+00 7.211802492648147656e+00
3.959976604945061873e-01 5.376453291901642784e-01 1.033038094289765452e+00 7.209312693679398087e+00
4.026785005320904220e-01 5.448623679425842470e-01 1.032110964367580763e+00 7.206548249812724016e+00
4.093260824352132898e-01 5.519850541454904835e-01 1.031093910950715786e+00 7.203485200891624807e+00
4.159409806028029344e-01 5.590169943749474513e-01 1.029980522438179502e+00 7.200097989559346878e+00
4.225237694337868888e-01 5.659615711335885813e-01 1.028764111214284682e+00 7.196359381397641641e+00
4.290750233270931857e-01 5.728219618694799786e-01 1.027437713586617063e+00 7.192240382429248235e+00
4.355953166816495248e-01 5.796011559684814962e-01 1.025994090674445580e+00 7.187710154163123200e+00
4.420852238963837721e-01 5.863019699779287164e-01 1.024425730326827377e+00 7.182735926434528295e+00
4.485453193702236829e-01 5.929270612815711328e-01 1.022724850153697407e+00 7.177282908377514481e+00
4.549761775020971233e-01 5.994789404140898892e-01 1.020883401757286091e+00 7.171314197966036197e+00
4.613783726909318483e-01 6.059599821770411676e-01 1.018893076255257713e+00 7.164790690673468632e+00
4.677524793356559463e-01 6.123724356957944703e-01 1.016745311191000312e+00 7.157670987929646067e+00
4.740990718351968392e-01 6.187184335382290845e-01 1.014431298930488001e+00 7.149911306201039984e+00
4.804187245884826707e-01 6.250000000000000000e-01 1.011941996649079911e+00 7.141465387684320376e+00
4.867120119944410850e-01 6.312190586476298382e-01 1.009268138015461558e+00 7.132284413787281174e+00
4.929795084520000037e-01 6.373774391990980615e-01 1.006400246683680333e+00 7.122316922774552417e+00
4.992217883600871819e-01 6.434768838116875500e-01 1.003328651707802832e+00 7.111508733179084274e+00
5.054394261176303749e-01 6.495190528383290030e-01 1.000043504997131905e+00 7.099802874823932797e+00
5.116329961235575041e-01 6.555055301063447137e-01 9.965348009330790013e-01 7.087139529561857110e+00
5.178030727767964914e-01 6.614378277661476790e-01 9.927923982716576612e-01 7.073455984121318707e+00
5.239502304762749807e-01 6.673173907519569514e-01 9.888060444580519803e-01 7.058686597744615376e+00
5.300750436209210603e-01 6.731456008918129674e-01 9.845654024817581673e-01 7.042762787613957798e+00
5.361780866096620413e-01 6.789237807000134683e-01 9.800600804022486789e-01 7.025613035380181337e+00
5.422599338414262338e-01 6.846531968814576485e-01 9.752796636758548354e-01 7.007162918430881682e+00
5.483211597151411709e-01 6.903350635742038222e-01 9.702137504144249247e-01 6.987335169853087891e+00
5.543623386297348299e-01 6.959705453537526898e-01 9.648519897050716887e-01 6.966049771351310760e+00
5.603840449841349658e-01 7.015607600201140270e-01 9.591841231177420379e-01 6.943224083664556012e+00
5.663868531772693338e-01 7.071067811865475727e-01 9.532000295230891318e-01 6.918773019272689062e+00
5.723712946604327945e-01 7.126096406869611988e-01 9.468898198858723969e-01 6.892609456792668787e+00
5.783377014593641396e-01 7.180703308172535770e-01 9.402440810434632423e-01 6.864645341700764014e+00
5.842863477581813347e-01 7.234898064243890925e-01 9.332538230413957026e-01 6.834791627741583220e+00
5.902175077348770227e-01 7.288689868556625928e-01 9.259104873989870699e-01 6.802958493239375848e+00
5.961314555674451787e-01 7.342087577794207398e-01 9.182060146762964781e-01 6.769055852855534461e+00
6.020284654338783348e-01 7.395099728874520162e-01 9.101329152222733532e-01 6.732993941019572937e+00
6.079088115121700220e-01 7.447734554883115310e-01 9.016843429497289897e-01 6.694683969654430022e+00
6.137727679803131053e-01 7.500000000000000000e-01 8.928541719409616162e-01 6.654038861847532793e+00
6.196206090163011160e-01 7.551903733496607707e-01 8.836370756330211851e-01 6.610974061888041042e+00
6.254526087981270299e-01 7.603453162872775284e-01 8.740286082694954661e-01 6.565408420611055007e+00
6.312690415037837122e-01 7.654655446197431434e-01 8.640252882357344344e-01 6.517265153254256482e+00
6.370701813112649159e-01 7.705517503711220018e-01 8.536246828162440403e-01 6.466472865041928308e+00
6.428563023985631730e-01 7.756046028744285614e-01 8.428254938262930152e-01 6.412966637475678411e+00
6.486276789436723478e-01 7.806247497997997886e-01 8.316276434745375479e-01 6.356689165851574508e+00
6.543845851245851941e-01 7.856128181235334518e-01 8.200323597100428463e-01 6.297591935874548241e+00
6.601272951192947991e-01 7.905694150420948807e-01 8.080422601960042250e-01 6.235636424451411308e+00
6.658564632952501672e-01 7.954951288348659499e-01 7.956605984327149717e-01 6.170790902273592060e+00
6.715744446741864770e-01 8.003905296791060664e-01 7.828882078548766721e-01 6.103014601453883969e+00
6.772840696114803549e-01 8.052561704203203830e-01 7.697258446344205085e-01 6.032269808224570262e+00
6.829881684845090506e-01 8.100925873009825473e-01 7.561752674058407342e-01 5.958527993059175465e+00
6.886895716706483705e-01 8.149003006503311441e-01 7.422393511785692066e-01 5.881770990628610640e+00
6.943911095472747874e-01 8.196798155377500450e-01 7.279222099246289712e-01 5.801992219176008270e+00
7.000956124917648848e-01 8.244316223920574727e-01 7.132293273093216479e-01 5.719197922629015274e+00
7.058059108814949134e-01 8.291561975888499525e-01 6.981676946681191209e-01 5.633408414023383770e+00
7.115248350938415678e-01 8.338540040078958882e-01 6.827459549588047460e-01 5.544659293893846375e+00
7.172552155061809875e-01 8.385254915624211769e-01 6.669745509841159548e-01 5.453002612054078213e+00
7.229998824958898673e-01 8.431710977020026032e-01 6.508658756850391747e-01 5.358507935788686005e+00
7.287616664403439026e-01 8.477912478906585170e-01 6.344344217494874982e-01 5.261263282131317887e+00
7.345433977169204542e-01 8.523863560616159463e-01 6.176969271696439723e-01 5.161375866889721387e+00
7.403479067029955507e-01 8.569568250501304885e-01 6.006725127229245453e-01 5.058972618766070184e+00
7.461780237759452206e-01 8.615030470056388445e-01 5.833828066608209850e-01 4.954200403755464777e+00
7.520365793131467136e-01 8.660254037844385966e-01 5.658520511888771587e-01 4.847225903515444578e+00
7.579263090407611925e-01 8.705242673240074502e-01 5.481074705652443368e-01 4.738236853867827669e+00
7.638495407955528949e-01 8.750000000000000000e-01 5.301802766108689724e-01 4.627447036412806192e+00
7.698084925632595610e-01 8.794529549668930191e-01 5.121047767829107755e-01 4.515089377568441087e+00
7.758053823280576244e-01 8.838834764831844382e-01 4.939179678471468660e-01 4.401411641626713944e+00
7.818424280741234078e-01 8.882919002219934468e-01 4.756594001732815102e-01 4.286673556336048740e+00
7.879218477856334557e-01 8.926785535678563033e-01 4.573709791358197552e-01 4.171143400254411659e+00
7.940458594467645348e-01 8.970437559004577066e-01 4.390966984027263598e-01 4.055094099773430827e+00
8.002166810416925236e-01 9.013878188659972812e-01 4.208823013393014900e-01 3.938798915345827378e+00
8.064378128681679581e-01 9.057110466368398782e-01 4.027711649569089003e-01 3.822502976429295263e+00
8.127190537861571640e-01 9.100137361600647568e-01 3.847899257702557807e-01 3.706327718627452583e+00
8.190721333493816703e-01 9.142961773954870752e-01 3.669620469594574996e-01 3.590354028387678031e+00
8.255087816160073810e-01 9.185586535436918165e-01 3.493136489624115715e-01 3.474657733766740808e+00
8.320407286441996453e-01 9.228014412645875186e-01 3.318734884354684889e-01 3.359308204740106607e+00
8.386797044921245892e-01 9.270248108869578729e-01 3.146727953061655980e-01 3.244366649361850818e+00
8.454374392179483388e-01 9.312290266094587210e-01 2.977449538048192457e-01 3.129884296525678344e+00
8.523256628798359102e-01 9.354143466934853324e-01 2.811250173071506708e-01 3.015900719861324131e+00
8.593574060773209178e-01 9.395810236483067568e-01 2.648461097695760658e-01 2.902421909120594279e+00
8.665510989646116879e-01 9.437293044088437277e-01 2.489304409369485216e-01 2.789359112437232113e+00
8.739265727899804270e-01 9.478594305064438341e-01 2.333995326914191371e-01 2.676601678164317821e+00
8.815036588042823862e-01 9.519716382329885818e-01 2.182768349484972004e-01 2.564043195546070297e+00
8.893021882583713733e-01 9.560661587986472032e-01 2.035866907170953422e-01 2.451585703459072008e+00
8.973419924031028616e-01 9.601432184835759776e-01 1.893531611830763517e-01 2.339145861926831049e+00
9.056429024893309920e-01 9.642030387838445016e-01 1.755988062598253796e-01 2.226663318025177141e+00
9.142247497679105717e-01 9.682458365518542553e-01 1.623435450908218558e-01 2.114111167880721176e+00
9.231102637795641774e-01 9.722718241315028154e-01 1.495997400462552862e-01 2.001471862076104724e+00
9.323358863100504879e-01 9.762812094883317471e-01 1.373593970921730134e-01 1.888626353859021556e+00
9.419421103777897430e-01 9.802741963348826637e-01 1.256122955608980352e-01 1.775509137280675720e+00
9.519694296013634371e-01 9.842509842514763907e-01 1.143520599195381876e-01 1.662174363258055232e+00
9.625008496098381716e-01 9.882117688026185176e-01 1.035344492920278053e-01 1.548356166221057206e+00
9.738042926116440290e-01 9.921567416492215186e-01 9.297003850226885635e-02 1.432161108105027392e+00
9.861979464559079700e-01 9.960860906568267392e-01 8.251287727555361995e-02 1.311890117131501388e+00
1.000000000000000000e+00 1.000000000000000000e+00 7.211419617043440811e-02 1.186736733637808516e+00
