# 1.rho_tor 2.rho_pol 3.Ti(keV) 4.ni(10^19m^-3)
#
0.000000000000000000e+00 0.000000000000000000e+00 1.221635999999999944e+00 6.978721543795470161e+00
5.320527902240441975e-02 8.838834764831821067e-02 1.203267711635105597e+00 6.793586336442239748e+00
7.557542376373038717e-02 1.250000000000000000e-01 1.192116460306994918e+00 6.690030669421585863e+00
9.264725649654931283e-02 1.530931089239485066e-01 1.182299046003502330e+00 6.608283170468135737e+00
1.071389049935659171e-01 1.767766952966368932e-01 1.173149681795118804e+00 6.538405941294273660e+00
1.200633440837331062e-01 1.976423537605236092e-01 1.164479033914555650e+00 6.476592623953672856e+00
1.318336346140430160e-01 2.165063509461096769e-01 1.156192705807180365e+00 6.421416601310097505e+00
1.426774885086583566e-01 2.338535866733712498e-01 1.148236208082490162e+00 6.371951410710287256e+00
1.528225628278748194e-01 2.500000000000000000e-01 1.140579133264037592e+00 6.327042825974908524e+00
1.624689763563940681e-01 2.651650429449552426e-01 1.133202172033543009e+00 6.285576127833352622e+00
1.716913426713168322e-01 2.795084971874737256e-01 1.126079469408797662e+00 6.247145781426363342e+00
1.805285407466126479e-01 2.931509849889643027e-01 1.119187887875256138e+00 6.211548167970415868e+00
1.890194469762994933e-01 3.061862178478972907e-01 1.112508341529122813e+00 6.178562575961183967e+00
1.972029377543950412e-01 3.186887195995490307e-01 1.106021698415984744e+00 6.147954964306038050e+00
2.051178894749172699e-01 3.307189138830738395e-01 1.099716306510482910e+00 6.119480650863864390e+00
2.128031785318839075e-01 3.423265984407287688e-01 1.093578981945605877e+00 6.092894667944763754e+00
2.202976813193128491e-01 3.535533905932737864e-01 1.087601543339169696e+00 6.067926050897535895e+00
2.276362192528090245e-01 3.644344934278312409e-01 1.081771296102550739e+00 6.044375922547451374e+00
2.348325397124393921e-01 3.750000000000000555e-01 1.076082192214140587e+00 6.022134658410077002e+00
2.418935653537809816e-01 3.852758751855610009e-01 1.070525488744627163e+00 6.001117247806680766e+00
2.488262153384888375e-01 3.952847075210474403e-01 1.065095659891805546e+00 5.981268714711479362e+00
2.556374088282176715e-01 4.050462936504912181e-01 1.059786784804991111e+00 5.962515587252227078e+00
2.623340649846224171e-01 4.145780987944250318e-01 1.054592097226324077e+00 5.944782574755929971e+00
2.689231029693580077e-01 4.238956239453292585e-01 1.049507843869724732e+00 5.928002807056428125e+00
2.754114419440792383e-01 4.330127018922192428e-01 1.044527413416189265e+00 5.912128075900341173e+00
2.818060010704411811e-01 4.419417382415922191e-01 1.039648362165930262e+00 5.897107188612940476e+00
2.881136995100986309e-01 4.506939094329986961e-01 1.034864323688266641e+00 5.882871495638196890e+00
2.943414564247062715e-01 4.592793267718459083e-01 1.030172117757032435e+00 5.869345798623739618e+00
3.004961909759192862e-01 4.677071733467426107e-01 1.025569783166983218e+00 5.856461423818069889e+00
3.065848223253925808e-01 4.759858191164942909e-01 1.021050087619400637e+00 5.844145581060233852e+00
3.126142696347808392e-01 4.841229182759271277e-01 1.016595884564103880e+00 5.832344314145358588e+00
3.185914520657388560e-01 4.921254921257381953e-01 1.012188407131025869e+00 5.820986430085245189e+00
3.245232887799218702e-01 4.999999999999999445e-01 1.007805756312958545e+00 5.810038863340309945e+00
3.304159666647791815e-01 5.077524002897475519e-01 1.003427827725765553e+00 5.799446805027720586e+00
3.362720075710612377e-01 5.153882032022075732e-01 9.990342111122278990e-01 5.789182403459772530e+00
3.420927890944817085e-01 5.229125165837972267e-01 9.946060052376450855e-01 5.779231228444242419e+00
3.478796884491914265e-01 5.303300858899105963e-01 9.901242204562216154e-01 5.769569137928421299e+00
3.536340828493415578e-01 5.376453291901641673e-01 9.855691182296942854e-01 5.760165393999877814e+00
3.593573495090828795e-01 5.448623679425842470e-01 9.809231092383151607e-01 5.750997175412615015e+00
3.650508656425665577e-01 5.519850541454904835e-01 9.761673048341232839e-01 5.742035425607353361e+00
3.707160084639431474e-01 5.590169943749474513e-01 9.712827220676651940e-01 5.733258401723201558e+00
3.763541551873639257e-01 5.659615711335885813e-01 9.662521061037895320e-01 5.724632064748528926e+00
3.819666830269795588e-01 5.728219618694799786e-01 9.610578868339412217e-01 5.716130736484984709e+00
3.875549691969413235e-01 5.796011559684814962e-01 9.556822738775228032e-01 5.707720827220817306e+00
3.931203909113998862e-01 5.863019699779287164e-01 9.501067057363865587e-01 5.699376134084364942e+00
3.986643253845061907e-01 5.929270612815711328e-01 9.443151257317485836e-01 5.691078407706668507e+00
4.041881498304112919e-01 5.994789404140898892e-01 9.382900760903951642e-01 5.682784464827981274e+00
4.096932414632661335e-01 6.059599821770411676e-01 9.320131717246885605e-01 5.674477110319533502e+00
4.151809774972217149e-01 6.123724356957944703e-01 9.254685680502611200e-01 5.666107473216486667e+00
4.206527351464287579e-01 6.187184335382290845e-01 9.186394985665243818e-01 5.657674296820173865e+00
4.261098916250383173e-01 6.250000000000000000e-01 9.115076179242276311e-01 5.649131574562003877e+00
4.315538241472012815e-01 6.312190586476298382e-01 9.040577777169007678e-01 5.640463919139398818e+00
4.369859099270687053e-01 6.373774391990980615e-01 8.962722623586035775e-01 5.631632408485231167e+00
4.424075261787914770e-01 6.434768838116875500e-01 8.881354714798738170e-01 5.622626824765735165e+00
4.478200501165204850e-01 6.495190528383290030e-01 8.796494758151511828e-01 5.613421561947351535e+00
4.532248589544067285e-01 6.555055301063447137e-01 8.708289802733768514e-01 5.603977798172963709e+00
4.586233299066010405e-01 6.614378277661476790e-01 8.616890014388364216e-01 5.594265651499957137e+00
4.640168401872545312e-01 6.673173907519569514e-01 8.522446746669031237e-01 5.584279312216997582e+00
4.694067670105179779e-01 6.731456008918129674e-01 8.425104860684615726e-01 5.573994899172666884e+00
4.747944875905426021e-01 6.789237807000134683e-01 8.325017500349444211e-01 5.563367724279873805e+00
4.801813791414787924e-01 6.846531968814576485e-01 8.222333624901830840e-01 5.552385078788183215e+00
4.855688188774780478e-01 6.903350635742038222e-01 8.117200846418972660e-01 5.541012131706631649e+00
4.909581840126909791e-01 6.959705453537526898e-01 8.009764910802195104e-01 5.529235730638159652e+00
4.963508517612687521e-01 7.015607600201140270e-01 7.900167372066303484e-01 5.517032758856852404e+00
5.017481993373619220e-01 7.071067811865475727e-01 7.788560429272358698e-01 5.504378278893018006e+00
5.071515410358218290e-01 7.126096406869611988e-01 7.675074661417569111e-01 5.491233879943854035e+00
5.125618989883370391e-01 7.180703308172535770e-01 7.559858167973394494e-01 5.477597175379057326e+00
5.179802105872500784e-01 7.234898064243890925e-01 7.443046031742697188e-01 5.463426424863199848e+00
5.234074132159322046e-01 7.288689868556625928e-01 7.324794225059818586e-01 5.448718662499230092e+00
5.288444442577528992e-01 7.342087577794206288e-01 7.205226814307958971e-01 5.433443575570273687e+00
5.342922410960833091e-01 7.395099728874520162e-01 7.084496612081897515e-01 5.417581685970327854e+00
5.397517411142938037e-01 7.447734554883115310e-01 6.962738196879512120e-01 5.401111546849045375e+00
5.452238816957547529e-01 7.500000000000000000e-01 6.840083087721532396e-01 5.384002001977036933e+00
5.507096002238365262e-01 7.551903733496607707e-01 6.716683316273297510e-01 5.366261017488564100e+00
5.562098340819098263e-01 7.603453162872774174e-01 6.592666799401539768e-01 5.347853816263316240e+00
5.617255206533448009e-01 7.654655446197431434e-01 6.468187538618010990e-01 5.328742093064722241e+00
5.672575973215122636e-01 7.705517503711220018e-01 6.343362170971670322e-01 5.308917840190172655e+00
5.728070014697824730e-01 7.756046028744285614e-01 6.218344837929372648e-01 5.288366993519170833e+00
5.783746704815256878e-01 7.806247497997997886e-01 6.093274977505538370e-01 5.267063084271355500e+00
5.839615417401126107e-01 7.856128181235334518e-01 5.968276880872727119e-01 5.244989721658686044e+00
5.895685526289138334e-01 7.905694150420948807e-01 5.843492484750417715e-01 5.222121974775532749e+00
5.951970991273513034e-01 7.954951288348659499e-01 5.719062240368899541e-01 5.198418728316606341e+00
6.008506285956253246e-01 8.003905296791060664e-01 5.595121970625898111e-01 5.173875859893122708e+00
6.065331617557909727e-01 8.052561704203203830e-01 5.471819196172607036e-01 5.148449953015529879e+00
6.122487193564394303e-01 8.100925873009825473e-01 5.349274216027741780e-01 5.122132222561664783e+00
6.180013221461616579e-01 8.149003006503311441e-01 5.227640895161111967e-01 5.094869554304518822e+00
6.237949908735495042e-01 8.196798155377500450e-01 5.107048462381196252e-01 5.066641766057739638e+00
6.296337462871937074e-01 8.244316223920574727e-01 4.987636781323060986e-01 5.037424714888093291e+00
6.355216091356856722e-01 8.291561975888499525e-01 4.869533938796241079e-01 5.007180580851816387e+00
6.414626001676168032e-01 8.338540040078958882e-01 4.752882041617503828e-01 4.975899425082983996e+00
6.474607401315782829e-01 8.385254915624211769e-01 4.637813733644897130e-01 4.943551359464866124e+00
6.535200497761611826e-01 8.431710977020026032e-01 4.524461018756703590e-01 4.910098719997813888e+00
6.596445498499569071e-01 8.477912478906585170e-01 4.412978640111751005e-01 4.875525701579615401e+00
6.658382611015566388e-01 8.523863560616159463e-01 4.303499249587504627e-01 4.839810092570735911e+00
6.721052042795518933e-01 8.569568250501304885e-01 4.196151355804342287e-01 4.802930826598259983e+00
6.784494001325335200e-01 8.615030470056388445e-01 4.091085680535452296e-01 4.764847244274744931e+00
6.848748694090931455e-01 8.660254037844385966e-01 3.988440156659529556e-01 4.725536866328884145e+00
6.913862904239744811e-01 8.705242673240074502e-01 3.888345112965865269e-01 4.684977387512815561e+00
6.979911752037160078e-01 8.750000000000000000e-01 3.790949754571358854e-01 4.643140271863111401e+00
7.046977989379774598e-01 8.794529549668930191e-01 3.696333259846175667e-01 4.599978087545812500e+00
7.115144368272682263e-01 8.838834764831844382e-01 3.604416399486947142e-01 4.555487382336438351e+00
7.184493640720970298e-01 8.882919002219934468e-01 3.515081716719771210e-01 4.509607485793170945e+00
7.255108558729728152e-01 8.926785535678563033e-01 3.428199000949337383e-01 4.462333501568881644e+00
7.327071874304041943e-01 8.970437559004577066e-01 3.343641098244056198e-01 4.413640693701873730e+00
7.400466339449004449e-01 9.013878188659972812e-01 3.261285831701953297e-01 4.363518876444777206e+00
7.475379413739655643e-01 9.057110466368398782e-01 3.181008043463356971e-01 4.311962827691631084e+00
7.551921679739674875e-01 9.100137361600648678e-01 3.102676432712144217e-01 4.258986722678837822e+00
7.630210807885859925e-01 9.142961773954870752e-01 3.026137460012910396e-01 4.204620857287785007e+00
7.710364470466901654e-01 9.185586535436918165e-01 2.951266414185068632e-01 4.148958113680117243e+00
7.792500339771489815e-01 9.228014412645875186e-01 2.877915965399809317e-01 4.092141910588178000e+00
7.876736088088309717e-01 9.270248108869579839e-01 2.805975499733924239e-01 4.034453647314848901e+00
7.963189387706052225e-01 9.312290266094587210e-01 2.735290021379530034e-01 3.976300639462625242e+00
8.051977910913407088e-01 9.354143466934853324e-01 2.665742851602894703e-01 3.918299887437546314e+00
8.143226366914210201e-01 9.395810236483067568e-01 2.597187331067912774e-01 3.861401766066038910e+00
8.237088680598193546e-01 9.437293044088437277e-01 2.529499201019306254e-01 3.806929754039341862e+00
8.333726357836590548e-01 9.478594305064437231e-01 2.462555272622988234e-01 3.756708280377941023e+00
8.433300904514603458e-01 9.519716382329885818e-01 2.396293541446404829e-01 3.713021668309996137e+00
8.535973826517434526e-01 9.560661587986472032e-01 2.330667583063594506e-01 3.678349529502199733e+00
8.641906629730286005e-01 9.601432184835760886e-01 2.265601970559046607e-01 3.654430118064698974e+00
8.751260820038359034e-01 9.642030387838445016e-01 2.201037446182177448e-01 3.641340584654899182e+00
8.864197903326859196e-01 9.682458365518542553e-01 2.136867323144636399e-01 3.632664180082646244e+00
8.980938647820777554e-01 9.722718241315028154e-01 2.073045751329851416e-01 3.616757703336497265e+00
9.101984200782946566e-01 9.762812094883318581e-01 2.009468699597234120e-01 3.571170704734408119e+00
9.227918546437816616e-01 9.802741963348826637e-01 1.946059793221749379e-01 3.468644532992918084e+00
9.359325681281557285e-01 9.842509842514763907e-01 1.882730924331573463e-01 3.289451949229690086e+00
9.497502485468483080e-01 9.882117688026185176e-01 1.819435648666609950e-01 3.037298541503183458e+00
9.646846704203684286e-01 9.921567416492215186e-01 1.756027450238826504e-01 2.742356964320839641e+00
9.812598986930620715e-01 9.960860906568267392e-01 1.692232434657934825e-01 2.459499194032711333e+00
1.000000000000000000e+00 1.000000000000000000e+00 1.631019999999999970e-01 2.240629219980627251e+00
