# 1.rho_tor 2.rho_pol 3.Te(keV) 4.ne(10^19m^-3)
#
0.000000000000000000e+00 0.000000000000000000e+00 9.752133844608815716e-01 1.144128077308282698e+01
5.320527902240441975e-02 8.838834764831821067e-02 9.748880055720910986e-01 1.117173299483770244e+01
7.557542376373038717e-02 1.250000000000000000e-01 9.742243131597776440e-01 1.101176909255866043e+01
9.264725649654931283e-02 1.530931089239485066e-01 9.733283959452220246e-01 1.088042208130046973e+01
1.071389049935659171e-01 1.767766952966368932e-01 9.722275729740943451e-01 1.076427813494689190e+01
1.200633440837331062e-01 1.976423537605236092e-01 9.709326445492532098e-01 1.065791417206149028e+01
1.318336346140430160e-01 2.165063509461096769e-01 9.694602663158732314e-01 1.055926697188069951e+01
1.426774885086583566e-01 2.338535866733712498e-01 9.678286679399735748e-01 1.046721578546901377e+01
1.528225628278748194e-01 2.500000000000000000e-01 9.660410332017842494e-01 1.038032178197421196e+01
1.624689763563940681e-01 2.651650429449552426e-01 9.640884712354153008e-01 1.029718762463426707e+01
1.716913426713168322e-01 2.795084971874737256e-01 9.619753625500198080e-01 1.021738765401555327e+01
1.805285407466126479e-01 2.931509849889643027e-01 9.597106999940717698e-01 1.014074518501316291e+01
1.890194469762994933e-01 3.061862178478972907e-01 9.573016301526895422e-01 1.006704216690826925e+01
1.972029377543950412e-01 3.186887195995490307e-01 9.547529601651290054e-01 9.996030205032154115e+00
2.051178894749172699e-01 3.307189138830738395e-01 9.520667671066851412e-01 9.927439045406487139e+00
2.128031785318839075e-01 3.423265984407287688e-01 9.492420868321005401e-01 9.860983157633182117e+00
2.202976813193128491e-01 3.535533905932737864e-01 9.462746610794163793e-01 9.796366897963780573e+00
2.276362192528090245e-01 3.644344934278312409e-01 9.431585039691444683e-01 9.733323378538365489e+00
2.348325397124393921e-01 3.750000000000000555e-01 9.398942702409254224e-01 9.671762256139080804e+00
2.418935653537809816e-01 3.852758751855610009e-01 9.364850996918410164e-01 9.611646743936288928e+00
2.488262153384888375e-01 3.952847075210474403e-01 9.329339422097553403e-01 9.552935681395709366e+00
2.556374088282176715e-01 4.050462936504912181e-01 9.292434926091208691e-01 9.495584344021299472e+00
2.623340649846224171e-01 4.145780987944250318e-01 9.254161340107557310e-01 9.439545168754717608e+00
2.689231029693580077e-01 4.238956239453292585e-01 9.214538878664050303e-01 9.384768381981761110e+00
2.754114419440792383e-01 4.330127018922192428e-01 9.173583701586636163e-01 9.331202544423883083e+00
2.818060010704411811e-01 4.419417382415922191e-01 9.131307533118018238e-01 9.278795024974003880e+00
2.881136995100986309e-01 4.506939094329986961e-01 9.087717333617006954e-01 9.227492413724366571e+00
2.943414564247062715e-01 4.592793267718459083e-01 9.042815019526114773e-01 9.177240882942626854e+00
3.004961909759192862e-01 4.677071733467426107e-01 8.996597227540262809e-01 9.127986503513767502e+00
3.065848223253925808e-01 4.759858191164942909e-01 8.949055119219676557e-01 9.079675523329406417e+00
3.126142696347808392e-01 4.841229182759271277e-01 8.900174222649445133e-01 9.032254613233227758e+00
3.185914520657388560e-01 4.921254921257381953e-01 8.849934308152791473e-01 8.985671085391105706e+00
3.245232887799218702e-01 4.999999999999999445e-01 8.798309295512135586e-01 8.939873088323071926e+00
3.304159666647791815e-01 5.077524002897475519e-01 8.745273890037568165e-01 8.894815353959263149e+00
3.362720075710612377e-01 5.153882032022075732e-01 8.690832330809471484e-01 8.850481167202163491e+00
3.420927890944817085e-01 5.229125165837972267e-01 8.634999231728095470e-01 8.806862285211421337e+00
3.478796884491914265e-01 5.303300858899105963e-01 8.577789753421859453e-01 8.763950126173151389e+00
3.536340828493415578e-01 5.376453291901641673e-01 8.519219562700083292e-01 8.721735823786328723e+00
3.593573495090828795e-01 5.448623679425842470e-01 8.459304801732955292e-01 8.680210280181324123e+00
3.650508656425665577e-01 5.519850541454904835e-01 8.398062063666650312e-01 8.639364214698716182e+00
3.707160084639431474e-01 5.590169943749474513e-01 8.335508374756539496e-01 8.599188208855707671e+00
3.763541551873639257e-01 5.659615711335885813e-01 8.271661183099766612e-01 8.559672747797739234e+00
3.819666830269795588e-01 5.728219618694799786e-01 8.206538354047963058e-01 8.520808258506663790e+00
3.875549691969413235e-01 5.796011559684814962e-01 8.140158172380947965e-01 8.482585145012910388e+00
3.931203909113998862e-01 5.863019699779287164e-01 8.072539351323457790e-01 8.444993820837646936e+00
3.986643253845061907e-01 5.929270612815711328e-01 8.003701048488554015e-01 8.408024738871441528e+00
4.041881498304112919e-01 5.994789404140898892e-01 7.933662888833639126e-01 8.371668418878284612e+00
4.096932414632661335e-01 6.059599821770411676e-01 7.862444994717797675e-01 8.335915472797758241e+00
4.151809774972217149e-01 6.123724356957944703e-01 7.790068023152051380e-01 8.300756628003323812e+00
4.206527351464287579e-01 6.187184335382290845e-01 7.716553210337384616e-01 8.266182748661419666e+00
4.261098916250383173e-01 6.250000000000000000e-01 7.641922423588288771e-01 8.232184855323502859e+00
4.315538241472012815e-01 6.312190586476298382e-01 7.566198220742599290e-01 8.198754142871971240e+00
4.369859099270687053e-01 6.373774391990980615e-01 7.489403917160473156e-01 8.165881996930238529e+00
4.424075261787914770e-01 6.434768838116875500e-01 7.411563660417066490e-01 8.133560008837632083e+00
4.478200501165204850e-01 6.495190528383290030e-01 7.332702512793872751e-01 8.101779989280709415e+00
4.532248589544067285e-01 6.555055301063447137e-01 7.252846541672763880e-01 8.070533980664134077e+00
4.586233299066010405e-01 6.614378277661476790e-01 7.172022917934136599e-01 8.039814268296584743e+00
4.640168401872545312e-01 6.673173907519569514e-01 7.090260022455563416e-01 8.009613390459596971e+00
4.694067670105179779e-01 6.731456008918129674e-01 7.007587560799778403e-01 7.979924147420552671e+00
4.747944875905426021e-01 6.789237807000134683e-01 6.924036686169836585e-01 7.950739609444407385e+00
4.801813791414787924e-01 6.846531968814576485e-01 6.839640130694456532e-01 7.922053123852673018e+00
4.855688188774780478e-01 6.903350635742038222e-01 6.754432345086902600e-01 7.893858321172285031e+00
4.909581840126909791e-01 6.959705453537526898e-01 6.668449646695759903e-01 7.866149120411465745e+00
4.963508517612687521e-01 7.015607600201140270e-01 6.581730375934063959e-01 7.838919733494312148e+00
5.017481993373619220e-01 7.071067811865475727e-01 6.494315061034069414e-01 7.812164668880703822e+00
5.071515410358218290e-01 7.126096406869611988e-01 6.406247619494236378e-01 7.785879037568830263e+00
5.125618989883370391e-01 7.180703308172535770e-01 6.317579331629884498e-01 7.760059609436020800e+00
5.179802105872500784e-01 7.234898064243890925e-01 6.228365700532368932e-01 7.734703718140693240e+00
5.234074132159322046e-01 7.288689868556625928e-01 6.138665218862821016e-01 7.709808837473136833e+00
5.288444442577528992e-01 7.342087577794206288e-01 6.048539505368323299e-01 7.685372581002054559e+00
5.342922410960833091e-01 7.395099728874520162e-01 5.958053443143354055e-01 7.661392701174100317e+00
5.397517411142938037e-01 7.447734554883115310e-01 5.867275318678130125e-01 7.637867087818298373e+00
5.452238816957547529e-01 7.500000000000000000e-01 5.776276960734300081e-01 7.614793766047645462e+00
5.507096002238365262e-01 7.551903733496607707e-01 5.685133877919206213e-01 7.592170893546200894e+00
5.562098340819098263e-01 7.603453162872774174e-01 5.593925393634322507e-01 7.569996757225387007e+00
5.617255206533448009e-01 7.654655446197431434e-01 5.502734776847294507e-01 7.548269769227755610e+00
5.672575973215122636e-01 7.705517503711220018e-01 5.411649366875315170e-01 7.526988462249924794e+00
5.728070014697824730e-01 7.756046028744285614e-01 5.320760690064424425e-01 7.506151484148573694e+00
5.783746704815256878e-01 7.806247497997997886e-01 5.230164565897343909e-01 7.485757591783564813e+00
5.839615417401126107e-01 7.856128181235334518e-01 5.139961199653646506e-01 7.465805644040218070e+00
5.895685526289138334e-01 7.905694150420948807e-01 5.050255258269776837e-01 7.446294593957522245e+00
5.951970991273513034e-01 7.954951288348659499e-01 4.961148707062520424e-01 7.427221946746357162e+00
6.008506285956253246e-01 8.003905296791060664e-01 4.872716546373010993e-01 7.408578777771896107e+00
6.065331617557909727e-01 8.052561704203203830e-01 4.785031834238601678e-01 7.390355321394844523e+00
6.122487193564394303e-01 8.100925873009825473e-01 4.698175567911032635e-01 7.372542970420406405e+00
6.180013221461616579e-01 8.149003006503311441e-01 4.612237334676163036e-01 7.355134251902391007e+00
6.237949908735495042e-01 8.196798155377500450e-01 4.527315935864195118e-01 7.338122799762131443e+00
6.296337462871937074e-01 8.244316223920574727e-01 4.443519968882179705e-01 7.321503323487651649e+00
6.355216091356856722e-01 8.291561975888499525e-01 4.360968347272895507e-01 7.305271571861384317e+00
6.414626001676168032e-01 8.338540040078958882e-01 4.279790733271396919e-01 7.289424290365120740e+00
6.474607401315782829e-01 8.385254915624211769e-01 4.200127850373480132e-01 7.273959170508949690e+00
6.535200497761611826e-01 8.431710977020026032e-01 4.122131634668289579e-01 7.258874788786064514e+00
6.596445498499569071e-01 8.477912478906585170e-01 4.045965172626919126e-01 7.244170532210357116e+00
6.658382611015566388e-01 8.523863560616159463e-01 3.971802359039641739e-01 7.229846506366689241e+00
6.721052042795518933e-01 8.569568250501304885e-01 3.899827191020386330e-01 7.215903420478336550e+00
6.784494001325335200e-01 8.615030470056388445e-01 3.830232591352604188e-01 7.202342442004530554e+00
6.848748694090931455e-01 8.660254037844385966e-01 3.763218625493078284e-01 7.189165010481881168e+00
6.913862904239744811e-01 8.705242673240074502e-01 3.698983642632181490e-01 7.176371332403713055e+00
6.979911752037160078e-01 8.750000000000000000e-01 3.637703138125043534e-01 7.163956344571915658e+00
7.046977989379774598e-01 8.794529549668930191e-01 3.579551070845331529e-01 7.151914101287367487e+00
7.115144368272682263e-01 8.838834764831844382e-01 3.524702172812794188e-01 7.140238747217136250e+00
7.184493640720970298e-01 8.882919002219934468e-01 3.473323549111951292e-01 7.128923658235028604e+00
7.255108558729728152e-01 8.926785535678563033e-01 3.425562886372637283e-01 7.117960246044173545e+00
7.327071874304041943e-01 8.970437559004577066e-01 3.381532127363015006e-01 7.107336275789188917e+00
7.400466339449004449e-01 9.013878188659972812e-01 3.341285067503885764e-01 7.097033472520671182e+00
7.475379413739655643e-01 9.057110466368398782e-01 3.304784612303515723e-01 7.087023466600141042e+00
7.551921679739674875e-01 9.100137361600648678e-01 3.271854941945337991e-01 7.077260634409331175e+00
7.630210807885859925e-01 9.142961773954870752e-01 3.242135364929164543e-01 7.067677184244521627e+00
7.710364470466901654e-01 9.185586535436918165e-01 3.215002396551483455e-01 7.058172827546289163e+00
7.792500339771489815e-01 9.228014412645875186e-01 3.189453527498141705e-01 7.048597680026156276e+00
7.876736088088309717e-01 9.270248108869579839e-01 3.163936366730721317e-01 7.038726260380924415e+00
7.963189387706052225e-01 9.312290266094587210e-01 3.136069335656590518e-01 7.028217616262530498e+00
8.051977910913407088e-01 9.354143466934853324e-01 3.102041541710309214e-01 7.016553722422802508e+00
8.143226366914210201e-01 9.395810236483067568e-01 3.057820927742387340e-01 7.002942625234748419e+00
8.237088680598193546e-01 9.437293044088437277e-01 3.000270241807423965e-01 6.986163521389694431e+00
8.333726357836590548e-01 9.478594305064437231e-01 2.925622904993594453e-01 6.964329914739836092e+00
8.433300904514603458e-01 9.519716382329885818e-01 2.829485771703721952e-01 6.934517437265069972e+00
8.535973826517434526e-01 9.560661587986472032e-01 2.707160669960475552e-01 6.892191758345552977e+00
8.641906629730286005e-01 9.601432184835760886e-01 2.554369514039781519e-01 6.830364332404438521e+00
8.751260820038359034e-01 9.642030387838445016e-01 2.368502151047650328e-01 6.738442759683758609e+00
8.864197903326859196e-01 9.682458365518542553e-01 2.150306253838387693e-01 6.600931524375192261e+00
8.980938647820777554e-01 9.722718241315028154e-01 1.905397397127326364e-01 6.396560066324918026e+00
9.101984200782946566e-01 9.762812094883318581e-01 1.644418389200366371e-01 6.099060042627077571e+00
9.227918546437816616e-01 9.802741963348826637e-01 1.382376945951711567e-01 5.683941469290174631e+00
9.359325681281557285e-01 9.842509842514763907e-01 1.135899822335913190e-01 5.144616934130548991e+00
9.497502485468483080e-01 9.882117688026185176e-01 9.182370549221885447e-02 4.510282043692209086e+00
9.646846704203684286e-01 9.921567416492215186e-01 7.347394233876916592e-02 3.843433765223594367e+00
9.812598986930620715e-01 9.960860906568267392e-01 5.882634727298286653e-02 3.236473716876673734e+00
1.000000000000000000e+00 1.000000000000000000e+00 4.794810567821731345e-02 2.772841754255692237e+00
