# 1.rho_tor 2.rho_pol 3.Te(keV) 4.ne(10^19m^-3)
#
0.000000000000000000e+00 0.000000000000000000e+00 1.058510147206739971e+00 1.046621203134592193e+01
5.320527902240441975e-02 8.838834764831821067e-02 1.058184768316997149e+00 1.019666425310079916e+01
7.557542376373038717e-02 1.250000000000000000e-01 1.057521075903563146e+00 1.003670035082175893e+01
9.264725649654931283e-02 1.530931089239485066e-01 1.056625158687491073e+00 9.905353339563570003e+00
1.071389049935659171e-01 1.767766952966368932e-01 1.055524335714321360e+00 9.789209393209993948e+00
1.200633440837331062e-01 1.976423537605236092e-01 1.054229407286758402e+00 9.682845430324595881e+00
1.318336346140430160e-01 2.165063509461096769e-01 1.052757029049818271e+00 9.584198230143812225e+00
1.426774885086583566e-01 2.338535866733712498e-01 1.051125430669347605e+00 9.492147043732131806e+00
1.528225628278748194e-01 2.500000000000000000e-01 1.049337795925338046e+00 9.405253040237344209e+00
1.624689763563940681e-01 2.651650429449552426e-01 1.047385233951567685e+00 9.322118882897418857e+00
1.716913426713168322e-01 2.795084971874737256e-01 1.045272125256835327e+00 9.242318912278726373e+00
1.805285407466126479e-01 2.931509849889643027e-01 1.043007462689220954e+00 9.165676443276367991e+00
1.890194469762994933e-01 3.061862178478972907e-01 1.040598392833378849e+00 9.091973425171518741e+00
1.972029377543950412e-01 3.186887195995490307e-01 1.038049722828011223e+00 9.020961463295460447e+00
2.051178894749172699e-01 3.307189138830738395e-01 1.035363529747746814e+00 8.952370303669868079e+00
2.128031785318839075e-01 3.423265984407287688e-01 1.032538849446513307e+00 8.885914415896666085e+00
2.202976813193128491e-01 3.535533905932737864e-01 1.029571423661344021e+00 8.821298156227397769e+00
2.276362192528090245e-01 3.644344934278312409e-01 1.026455266511511200e+00 8.758254636802153215e+00
2.348325397124393921e-01 3.750000000000000555e-01 1.023191032735253803e+00 8.696693514403092351e+00
2.418935653537809816e-01 3.852758751855610009e-01 1.019781862128041006e+00 8.636578002200590021e+00
2.488262153384888375e-01 3.952847075210474403e-01 1.016230704575844745e+00 8.577866939660387047e+00
2.556374088282176715e-01 4.050462936504912181e-01 1.012540254890900604e+00 8.520515602286458545e+00
2.623340649846224171e-01 4.145780987944250318e-01 1.008712896191429786e+00 8.464476427020494853e+00
2.689231029693580077e-01 4.238956239453292585e-01 1.004750649926134498e+00 8.409699640248323504e+00
2.754114419440792383e-01 4.330127018922192428e-01 1.000655132074043774e+00 8.356133802691443790e+00
2.818060010704411811e-01 4.419417382415922191e-01 9.964275150552448501e-01 8.303726283242831130e+00
2.881136995100986309e-01 4.506939094329986961e-01 9.920684949007090303e-01 8.252423671994792542e+00
2.943414564247062715e-01 4.592793267718459083e-01 9.875782632489162882e-01 8.202172141215068990e+00
3.004961909759192862e-01 4.677071733467426107e-01 9.829564837625656137e-01 8.152917761788748052e+00
3.065848223253925808e-01 4.759858191164942909e-01 9.782022725896697413e-01 8.104606781607575527e+00
3.126142696347808392e-01 4.841229182759271277e-01 9.733141825292762617e-01 8.057185871515395448e+00
3.185914520657388560e-01 4.921254921257381953e-01 9.682901906025087602e-01 8.010602343678284498e+00
3.245232887799218702e-01 4.999999999999999445e-01 9.631276887743245307e-01 7.964804346616525699e+00
3.304159666647791815e-01 5.077524002897475519e-01 9.578241475600277610e-01 7.919746612260565755e+00
3.362720075710612377e-01 5.153882032022075732e-01 9.523799908495250710e-01 7.875412425513274250e+00
3.420927890944817085e-01 5.229125165837972267e-01 9.467966800117376680e-01 7.831793543534780078e+00
3.478796884491914265e-01 5.303300858899105963e-01 9.410757310848186785e-01 7.788881384511776140e+00
3.536340828493415578e-01 5.376453291901641673e-01 9.352187107208235206e-01 7.746667082143972927e+00
3.593573495090828795e-01 5.448623679425842470e-01 9.292272331030058119e-01 7.705141538562629400e+00
3.650508656425665577e-01 5.519850541454904835e-01 9.231029575065083925e-01 7.664295473109436152e+00
3.707160084639431474e-01 5.590169943749474513e-01 9.168475865107248435e-01 7.624119467302953979e+00
3.763541551873639257e-01 5.659615711335885813e-01 9.104628648714377936e-01 7.584604006290309286e+00
3.819666830269795588e-01 5.728219618694799786e-01 9.039505790607761382e-01 7.545739517055424450e+00
3.875549691969413235e-01 5.796011559684814962e-01 8.973125574830514983e-01 7.507516403631289137e+00
3.931203909113998862e-01 5.863019699779287164e-01 8.905506713746310643e-01 7.469925079542213631e+00
3.986643253845061907e-01 5.929270612815711328e-01 8.836668363961717176e-01 7.432955997682645588e+00
4.041881498304112919e-01 5.994789404140898892e-01 8.766630149257510496e-01 7.396599677821348529e+00
4.096932414632661335e-01 6.059599821770411676e-01 8.695412190616991222e-01 7.360846731903787799e+00
4.151809774972217149e-01 6.123724356957944703e-01 8.623035143442229211e-01 7.325687887310669666e+00
4.206527351464287579e-01 6.187184335382290845e-01 8.549520242052062180e-01 7.291114008217354225e+00
4.261098916250383173e-01 6.250000000000000000e-01 8.474889351558617667e-01 7.257116115186294181e+00
4.315538241472012815e-01 6.312190586476298382e-01 8.399165027221811020e-01 7.223685403113427661e+00
4.369859099270687053e-01 6.373774391990980615e-01 8.322370581383147226e-01 7.190813257638865252e+00
4.424075261787914770e-01 6.434768838116875500e-01 8.244530158081597726e-01 7.158491270122514294e+00
4.478200501165204850e-01 6.495190528383290030e-01 8.165668815454341090e-01 7.126711251276302228e+00
4.532248589544067285e-01 6.555055301063447137e-01 8.085812616023858590e-01 7.095465243536211553e+00
4.586233299066010405e-01 6.614378277661476790e-01 8.004988724969714919e-01 7.064745532249558480e+00
4.640168401872545312e-01 6.673173907519569514e-01 7.923225516477739871e-01 7.034544655745597730e+00
4.694067670105179779e-01 6.731456008918129674e-01 7.840552688251116731e-01 7.004855414350671161e+00
4.747944875905426021e-01 6.789237807000134683e-01 7.757001384255898246e-01 6.975670878402620012e+00
4.801813791414787924e-01 6.846531968814576485e-01 7.672604325757711452e-01 6.946984395313133831e+00
4.855688188774780478e-01 6.903350635742038222e-01 7.587395950685436041e-01 6.918789595720770791e+00
4.909581840126909791e-01 6.959705453537526898e-01 7.501412561331137763e-01 6.891080398772048810e+00
4.963508517612687521e-01 7.015607600201140270e-01 7.414692480361764204e-01 6.863851016562524165e+00
5.017481993373619220e-01 7.071067811865475727e-01 7.327276215076744537e-01 6.837095957764854681e+00
5.071515410358218290e-01 7.126096406869611988e-01 7.239207658276221036e-01 6.810810333641397207e+00
5.125618989883370391e-01 7.180703308172535770e-01 7.150538061176184845e-01 6.784990914397297068e+00
5.179802105872500784e-01 7.234898064243890925e-01 7.061322892528609785e-01 6.759635034098252504e+00
5.234074132159322046e-01 7.288689868556625928e-01 6.971620604424236811e-01 6.734740167041072922e+00
5.288444442577528992e-01 7.342087577794206288e-01 6.881492767643730968e-01 6.710303927424924098e+00
5.342922410960833091e-01 7.395099728874520162e-01 6.791004208528853558e-01 6.686324068481847682e+00
5.397517411142938037e-01 7.447734554883115310e-01 6.700223146370272165e-01 6.662798481020130836e+00
5.452238816957547529e-01 7.500000000000000000e-01 6.609221330297887498e-01 6.639725191374846069e+00
5.507096002238365262e-01 7.551903733496607707e-01 6.518074174479165928e-01 6.617102358756603131e+00
5.562098340819098263e-01 7.603453162872774174e-01 6.426860890221369749e-01 6.594928271985565971e+00
5.617255206533448009e-01 7.654655446197431434e-01 6.335664613330637129e-01 6.573201345593276734e+00
5.672575973215122636e-01 7.705517503711220018e-01 6.244572524798643887e-01 6.551920115269546763e+00
5.728070014697824730e-01 7.756046028744285614e-01 6.153675962559331802e-01 6.531083232625242374e+00
5.783746704815256878e-01 7.806247497997997886e-01 6.063070521675704150e-01 6.510689459234044740e+00
5.839615417401126107e-01 7.856128181235334518e-01 5.972856139870404979e-01 6.490737659906713475e+00
5.895685526289138334e-01 7.905694150420948807e-01 5.883137164791755191e-01 6.471226795139343402e+00
5.951970991273513034e-01 7.954951288348659499e-01 5.794015179002370841e-01 6.452154379559669195e+00
6.008506285956253246e-01 8.003905296791060664e-01 5.705564717265747543e-01 6.433511500544948802e+00
6.065331617557909727e-01 8.052561704203203830e-01 5.617858273195321939e-01 6.415288407777596902e+00
6.122487193564394303e-01 8.100925873009825473e-01 5.530976159967383454e-01 6.397476513632959438e+00
6.180013221461616579e-01 8.149003006503311441e-01 5.445007133762934659e-01 6.380068370233787256e+00
6.237949908735495042e-01 8.196798155377500450e-01 5.360048983664974509e-01 6.363057643710536837e+00
6.296337462871937074e-01 8.244316223920574727e-01 5.276209071071734646e-01 6.346439085062693053e+00
6.355216091356856722e-01 8.291561975888499525e-01 5.193604796363517906e-01 6.330208496744727853e+00
6.414626001676168032e-01 8.338540040078958882e-01 5.112363964387020010e-01 6.314362693863336595e+00
6.474607401315782829e-01 8.385254915624211769e-01 5.032625012531939390e-01 6.298899458556592279e+00
6.535200497761611826e-01 8.431710977020026032e-01 4.954537055330414108e-01 6.283817485699938921e+00
6.596445498499569071e-01 8.477912478906585170e-01 4.878259687038763448e-01 6.269116317503988789e+00
6.658382611015566388e-01 8.523863560616159463e-01 4.803962467819647419e-01 6.254796263772348652e+00
6.721052042795518933e-01 8.569568250501304885e-01 4.731823998959372446e-01 6.240858303484362324e+00
6.784494001325335200e-01 8.615030470056388445e-01 4.662030466755980873e-01 6.227303961828988932e+00
6.848748694090931455e-01 8.660254037844385966e-01 4.594773501622910206e-01 6.214135154656152515e+00
6.913862904239744811e-01 8.705242673240074502e-01 4.530240826597506931e-01 6.201352726585281694e+00
6.979911752037160078e-01 8.750000000000000000e-01 4.468594360508343355e-01 6.188952479482250801e+00
7.046977989379774598e-01 8.794529549668930191e-01 4.409990722611502045e-01 6.176929644559487009e+00
7.115144368272682263e-01 8.838834764831844382e-01 4.354582450336538790e-01 6.165279975528355827e+00
7.184493640720970298e-01 8.882919002219934468e-01 4.302508123046568933e-01 6.153999061640687884e+00
7.255108558729728152e-01 8.926785535678563033e-01 4.253878616526700629e-01 6.143081378602288645e+00
7.327071874304041943e-01 8.970437559004577066e-01 4.208758185855454026e-01 6.132518960796927487e+00
7.400466339449004449e-01 9.013878188659972812e-01 4.167138620317270559e-01 6.122299521801102706e+00
7.475379413739655643e-01 9.057110466368398782e-01 4.128901809422083069e-01 6.112403158353482802e+00
7.551921679739674875e-01 9.100137361600648678e-01 4.093765108344141201e-01 6.102796351664976804e+00
7.630210807885859925e-01 9.142961773954870752e-01 4.061226825772194515e-01 6.093428742593068215e+00
7.710364470466901654e-01 9.185586535436918165e-01 4.030477181285961885e-01 6.084225342939522108e+00
7.792500339771489815e-01 9.228014412645875186e-01 4.000267320510640379e-01 6.075073299948811290e+00
7.876736088088309717e-01 9.270248108869579839e-01 3.968719438884047435e-01 6.065801800723343185e+00
7.963189387706052225e-01 9.312290266094587210e-01 3.933023678121735922e-01 6.056151291885633725e+00
8.051977910913407088e-01 9.354143466934853324e-01 3.888809687188749531e-01 6.045725970751901990e+00
8.143226366914210201e-01 9.395810236483067568e-01 3.831322889030451817e-01 6.033919045070367915e+00
8.237088680598193546e-01 9.437293044088437277e-01 3.756506997314998930e-01 6.019793194335218978e+00
8.333726357836590548e-01 9.478594305064437231e-01 3.659465459457020287e-01 6.001898663991501515e+00
8.433300904514603458e-01 9.519716382329885818e-01 3.534487186180185758e-01 5.977986881667387564e+00
8.535973826517434526e-01 9.560661587986472032e-01 3.375464553913966603e-01 5.944570138158725037e+00
8.641906629730286005e-01 9.601432184835760886e-01 3.176836051217064028e-01 5.896271886908662552e+00
8.751260820038359034e-01 9.642030387838445016e-01 2.935208479327293674e-01 5.824942105608084120e+00
8.864197903326859196e-01 9.682458365518542553e-01 2.651553812955252387e-01 5.718657542547384232e+00
8.980938647820777554e-01 9.722718241315028154e-01 2.333172299230872049e-01 5.561050495190410281e+00
9.101984200782946566e-01 9.762812094883318581e-01 1.993899588925824584e-01 5.331906180595860967e+00
9.227918546437816616e-01 9.802741963348826637e-01 1.653245712702572923e-01 5.012376046490499171e+00
9.359325681281557285e-01 9.842509842514763907e-01 1.332825452002035227e-01 4.597380534342689451e+00
9.497502485468483080e-01 9.882117688026185176e-01 1.049863854364193189e-01 4.109362221560166617e+00
9.646846704203684286e-01 9.921567416492215186e-01 8.113169333693472096e-02 3.596377027155964523e+00
9.812598986930620715e-01 9.960860906568267392e-01 6.208981975141253384e-02 3.129481725502601286e+00
1.000000000000000000e+00 1.000000000000000000e+00 4.794810567821731345e-02 2.772841754255692237e+00
