# 1.rho_tor 2.rho_pol 3.Tz(keV) 4.nz(10^19m^-3)
#
0.000000000000000000e+00 0.000000000000000000e+00 1.221635999999999944e+00 6.353995399993987991e-01
5.320527902240441975e-02 8.838834764831821067e-02 1.203267711635105597e+00 6.214169147519107428e-01
7.557542376373038717e-02 1.250000000000000000e-01 1.192116460306994918e+00 6.119666236993288599e-01
9.264725649654931283e-02 1.530931089239485066e-01 1.182299046003502330e+00 6.036048360526168333e-01
1.071389049935659171e-01 1.767766952966368932e-01 1.173149681795118804e+00 5.957674263721755015e-01
1.200633440837331062e-01 1.976423537605236092e-01 1.164479033914555650e+00 5.881874198744190263e-01
1.318336346140430160e-01 2.165063509461096769e-01 1.156192705807180365e+00 5.807589880528060133e-01
1.426774885086583566e-01 2.338535866733712498e-01 1.148236208082490162e+00 5.734522940076671738e-01
1.528225628278748194e-01 2.500000000000000000e-01 1.140579133264037592e+00 5.662228047791317831e-01
1.624689763563940681e-01 2.651650429449552426e-01 1.133202172033543009e+00 5.590261697635303673e-01
1.716913426713168322e-01 2.795084971874737256e-01 1.126079469408797662e+00 5.518608706189734869e-01
1.805285407466126479e-01 2.931509849889643027e-01 1.119187887875256138e+00 5.447327004743437451e-01
1.890194469762994933e-01 3.061862178478972907e-01 1.112508341529122813e+00 5.376432687196504023e-01
1.972029377543950412e-01 3.186887195995490307e-01 1.106021698415984744e+00 5.305912579274874030e-01
2.051178894749172699e-01 3.307189138830738395e-01 1.099716306510482910e+00 5.235734298409902010e-01
2.128031785318839075e-01 3.423265984407287688e-01 1.093578981945605877e+00 5.165838765417097855e-01
2.202976813193128491e-01 3.535533905932737864e-01 1.087601543339169696e+00 5.096196892401955170e-01
2.276362192528090245e-01 3.644344934278312409e-01 1.081771296102550739e+00 5.026697713830057257e-01
2.348325397124393921e-01 3.750000000000000555e-01 1.076082192214140587e+00 4.957381667023754157e-01
2.418935653537809816e-01 3.852758751855610009e-01 1.070525488744627163e+00 4.888339990732393225e-01
2.488262153384888375e-01 3.952847075210474403e-01 1.065095659891805546e+00 4.819600647389163384e-01
2.556374088282176715e-01 4.050462936504912181e-01 1.059786784804991111e+00 4.751219689147924141e-01
2.623340649846224171e-01 4.145780987944250318e-01 1.054592097226324077e+00 4.683251652746189819e-01
2.689231029693580077e-01 4.238956239453292585e-01 1.049507843869724732e+00 4.615731629371218614e-01
2.754114419440792383e-01 4.330127018922192428e-01 1.044527413416189265e+00 4.548657109239164775e-01
2.818060010704411811e-01 4.419417382415922191e-01 1.039648362165930262e+00 4.482029015359635382e-01
2.881136995100986309e-01 4.506939094329986961e-01 1.034864323688266641e+00 4.415879423288924799e-01
2.943414564247062715e-01 4.592793267718459083e-01 1.030172117757032435e+00 4.350251964853941722e-01
3.004961909759192862e-01 4.677071733467426107e-01 1.025569783166983218e+00 4.285178033061615155e-01
3.065848223253925808e-01 4.759858191164942909e-01 1.021050087619400637e+00 4.220697106206893201e-01
3.126142696347808392e-01 4.841229182759271277e-01 1.016595884564103880e+00 4.156814331273248619e-01
3.185914520657388560e-01 4.921254921257381953e-01 1.012188407131025869e+00 4.093568240098744981e-01
3.245232887799218702e-01 4.999999999999999445e-01 1.007805756312958545e+00 4.030927632217278789e-01
3.304159666647791815e-01 5.077524002897475519e-01 1.003427827725765553e+00 3.968913864654648460e-01
3.362720075710612377e-01 5.153882032022075732e-01 9.990342111122278990e-01 3.907549751684462058e-01
3.420927890944817085e-01 5.229125165837972267e-01 9.946060052376450855e-01 3.846848434809148620e-01
3.478796884491914265e-01 5.303300858899105963e-01 9.901242204562216154e-01 3.786840699491209050e-01
3.536340828493415578e-01 5.376453291901641673e-01 9.855691182296942854e-01 3.727569278886855852e-01
3.593573495090828795e-01 5.448623679425842470e-01 9.809231092383151607e-01 3.669061735180318973e-01
3.650508656425665577e-01 5.519850541454904835e-01 9.761673048341232839e-01 3.611357087332511817e-01
3.707160084639431474e-01 5.590169943749474513e-01 9.712827220676651940e-01 3.554480454967152703e-01
3.763541551873639257e-01 5.659615711335885813e-01 9.662521061037895320e-01 3.498479974801521064e-01
3.819666830269795588e-01 5.728219618694799786e-01 9.610578868339412217e-01 3.443388058493988546e-01
3.875549691969413235e-01 5.796011559684814962e-01 9.556822738775228032e-01 3.389252050814701711e-01
3.931203909113998862e-01 5.863019699779287164e-01 9.501067057363865587e-01 3.336105504108232700e-01
3.986643253845061907e-01 5.929270612815711328e-01 9.443151257317485836e-01 3.283967121822026214e-01
4.041881498304112919e-01 5.994789404140898892e-01 9.382900760903951642e-01 3.232902802042627588e-01
4.096932414632661335e-01 6.059599821770411676e-01 9.320131717246885605e-01 3.182929703021749601e-01
4.151809774972217149e-01 6.123724356957944703e-01 9.254685680502611200e-01 3.134125043706079694e-01
4.206527351464287579e-01 6.187184335382290845e-01 9.186394985665243818e-01 3.086476485420530103e-01
4.261098916250383173e-01 6.250000000000000000e-01 9.115076179242276311e-01 3.040056539635922483e-01
4.315538241472012815e-01 6.312190586476298382e-01 9.040577777169007678e-01 2.994880262278441507e-01
4.369859099270687053e-01 6.373774391990980615e-01 8.962722623586035775e-01 2.951007619000686755e-01
4.424075261787914770e-01 6.434768838116875500e-01 8.881354714798738170e-01 2.908444708148606450e-01
4.478200501165204850e-01 6.495190528383290030e-01 8.796494758151511828e-01 2.867227180184139246e-01
4.532248589544067285e-01 6.555055301063447137e-01 8.708289802733768514e-01 2.827416219700681355e-01
4.586233299066010405e-01 6.614378277661476790e-01 8.616890014388364216e-01 2.789056608037330798e-01
4.640168401872545312e-01 6.673173907519569514e-01 8.522446746669031237e-01 2.752147979177425596e-01
4.694067670105179779e-01 6.731456008918129674e-01 8.425104860684615726e-01 2.716724733834253724e-01
4.747944875905426021e-01 6.789237807000134683e-01 8.325017500349444211e-01 2.682861339017740265e-01
4.801813791414787924e-01 6.846531968814576485e-01 8.222333624901830840e-01 2.650572114775682775e-01
4.855688188774780478e-01 6.903350635742038222e-01 8.117200846418972660e-01 2.619913967263479138e-01
4.909581840126909791e-01 6.959705453537526898e-01 8.009764910802195104e-01 2.590903172040418534e-01
4.963508517612687521e-01 7.015607600201140270e-01 7.900167372066303484e-01 2.563575508919566093e-01
5.017481993373619220e-01 7.071067811865475727e-01 7.788560429272358698e-01 2.537970806316552363e-01
5.071515410358218290e-01 7.126096406869611988e-01 7.675074661417569111e-01 2.514155718633870884e-01
5.125618989883370391e-01 7.180703308172535770e-01 7.559858167973394494e-01 2.492131400956633103e-01
5.179802105872500784e-01 7.234898064243890925e-01 7.443046031742697188e-01 2.471975064423430624e-01
5.234074132159322046e-01 7.288689868556625928e-01 7.324794225059818586e-01 2.453690297120343367e-01
5.288444442577528992e-01 7.342087577794206288e-01 7.205226814307958971e-01 2.437333103449597360e-01
5.342922410960833091e-01 7.395099728874520162e-01 7.084496612081897515e-01 2.422939104129462340e-01
5.397517411142938037e-01 7.447734554883115310e-01 6.962738196879512120e-01 2.410547944452777480e-01
5.452238816957547529e-01 7.500000000000000000e-01 6.840083087721532396e-01 2.400218091086375460e-01
5.507096002238365262e-01 7.551903733496607707e-01 6.716683316273297510e-01 2.391933485068020171e-01
5.562098340819098263e-01 7.603453162872774174e-01 6.592666799401539768e-01 2.385759985173625253e-01
5.617255206533448009e-01 7.654655446197431434e-01 6.468187538618010990e-01 2.381770480121413458e-01
5.672575973215122636e-01 7.705517503711220018e-01 6.343362170971670322e-01 2.379980122485551020e-01
5.728070014697824730e-01 7.756046028744285614e-01 6.218344837929372648e-01 2.380415828506716736e-01
5.783746704815256878e-01 7.806247497997997886e-01 6.093274977505538370e-01 2.383128452577752410e-01
5.839615417401126107e-01 7.856128181235334518e-01 5.968276880872727119e-01 2.388149718295979329e-01
5.895685526289138334e-01 7.905694150420948807e-01 5.843492484750417715e-01 2.395527866562496000e-01
5.951970991273513034e-01 7.954951288348659499e-01 5.719062240368899541e-01 2.405339466620733946e-01
6.008506285956253246e-01 8.003905296791060664e-01 5.595121970625898111e-01 2.417578092012878377e-01
6.065331617557909727e-01 8.052561704203203830e-01 5.471819196172607036e-01 2.432311098216550227e-01
6.122487193564394303e-01 8.100925873009825473e-01 5.349274216027741780e-01 2.449541515306014050e-01
6.180013221461616579e-01 8.149003006503311441e-01 5.227640895161111967e-01 2.469359595906484572e-01
6.237949908735495042e-01 8.196798155377500450e-01 5.107048462381196252e-01 2.491794417730615885e-01
6.296337462871937074e-01 8.244316223920574727e-01 4.987636781323060986e-01 2.516884648034019567e-01
6.355216091356856722e-01 8.291561975888499525e-01 4.869533938796241079e-01 2.544697179069142501e-01
6.414626001676168032e-01 8.338540040078958882e-01 4.752882041617503828e-01 2.575247135310282931e-01
6.474607401315782829e-01 8.385254915624211769e-01 4.637813733644897130e-01 2.608589749020295279e-01
6.535200497761611826e-01 8.431710977020026032e-01 4.524461018756703590e-01 2.644796876508567207e-01
6.596445498499569071e-01 8.477912478906585170e-01 4.412978640111751005e-01 2.683899814730627553e-01
6.658382611015566388e-01 8.523863560616159463e-01 4.303499249587504627e-01 2.725943525310294269e-01
6.721052042795518933e-01 8.569568250501304885e-01 4.196151355804342287e-01 2.770971901164397955e-01
6.784494001325335200e-01 8.615030470056388445e-01 4.091085680535452296e-01 2.819067489184071684e-01
6.848748694090931455e-01 8.660254037844385966e-01 3.988440156659529556e-01 2.870278395615236122e-01
6.913862904239744811e-01 8.705242673240074502e-01 3.888345112965865269e-01 2.924650204632507910e-01
6.979911752037160078e-01 8.750000000000000000e-01 3.790949754571358854e-01 2.982230894216496564e-01
7.046977989379774598e-01 8.794529549668930191e-01 3.696333259846175667e-01 3.043103593165361054e-01
7.115144368272682263e-01 8.838834764831844382e-01 3.604416399486947142e-01 3.107267227256518827e-01
7.184493640720970298e-01 8.882919002219934468e-01 3.515081716719771210e-01 3.174830407307104307e-01
7.255108558729728152e-01 8.926785535678563033e-01 3.428199000949337383e-01 3.245791440003395478e-01
7.327071874304041943e-01 8.970437559004577066e-01 3.343641098244056198e-01 3.320181570707220753e-01
7.400466339449004449e-01 9.013878188659972812e-01 3.261285831701953297e-01 3.397994785692132758e-01
7.475379413739655643e-01 9.057110466368398782e-01 3.181008043463356971e-01 3.479199736188810510e-01
7.551921679739674875e-01 9.100137361600648678e-01 3.102676432712144217e-01 3.563700024445454750e-01
7.630210807885859925e-01 9.142961773954870752e-01 3.026137460012910396e-01 3.651333526743980595e-01
7.710364470466901654e-01 9.185586535436918165e-01 2.951266414185068632e-01 3.741766563443371663e-01
7.792500339771489815e-01 9.228014412645875186e-01 2.877915965399809317e-01 3.834490246895778109e-01
7.876736088088309717e-01 9.270248108869579839e-01 2.805975499733924239e-01 3.928610501161783342e-01
7.963189387706052225e-01 9.312290266094587210e-01 2.735290021379530034e-01 4.022808736119265483e-01
8.051977910913407088e-01 9.354143466934853324e-01 2.665742851602894703e-01 4.115083249520329889e-01
8.143226366914210201e-01 9.395810236483067568e-01 2.597187331067912774e-01 4.202358296920384872e-01
8.237088680598193546e-01 9.437293044088437277e-01 2.529499201019306254e-01 4.280165266297319415e-01
8.333726357836590548e-01 9.478594305064437231e-01 2.462555272622988234e-01 4.342027811603480503e-01
8.433300904514603458e-01 9.519716382329885818e-01 2.396293541446404829e-01 4.378965995780385034e-01
8.535973826517434526e-01 9.560661587986472032e-01 2.330667583063594506e-01 4.379129928255629522e-01
8.641906629730286005e-01 9.601432184835760886e-01 2.265601970559046607e-01 4.328327105246632112e-01
8.751260820038359034e-01 9.642030387838445016e-01 2.201037446182177448e-01 4.210077282638039486e-01
8.864197903326859196e-01 9.682458365518542553e-01 2.136867323144636399e-01 4.013033724402521596e-01
8.980938647820777554e-01 9.722718241315028154e-01 2.073045751329851416e-01 3.727349008480903003e-01
9.101984200782946566e-01 9.762812094883318581e-01 2.009468699597234120e-01 3.356783053667827810e-01
9.227918546437816616e-01 9.802741963348826637e-01 1.946059793221749379e-01 2.917604839712225617e-01
9.359325681281557285e-01 9.842509842514763907e-01 1.882730924331573463e-01 2.439357041595497932e-01
9.497502485468483080e-01 9.882117688026185176e-01 1.819435648666609950e-01 1.961094895491194701e-01
9.646846704203684286e-01 9.921567416492215186e-01 1.756027450238826504e-01 1.521146383751377507e-01
9.812598986930620715e-01 9.960860906568267392e-01 1.692232434657934825e-01 1.154813610295461063e-01
1.000000000000000000e+00 1.000000000000000000e+00 1.631019999999999970e-01 8.870208904584417353e-02
