# 1.rho_tor 2.rho_pol 3.Te(keV) 4.ne(10^19m^-3)
#
0.000000000000000000e+00 0.000000000000000000e+00 1.218785000000000007e+00 7.226829533131599703e+00
5.780549421694903406e-02 8.838834764831871027e-02 1.190238185668457849e+00 7.226829531232355386e+00
8.200205497163555457e-02 1.249999999999999029e-01 1.172939666489903443e+00 7.226829504100209078e+00
1.006757479788508852e-01 1.530931089239487009e-01 1.154847096030901632e+00 7.226829387660684390e+00
1.165429736017842277e-01 1.767766952966367544e-01 1.140749769044588469e+00 7.226829071184298847e+00
1.307205470757286103e-01 1.976423537605237202e-01 1.127334906385999203e+00 7.226828385556414602e+00
1.436624299009922334e-01 2.165063509461097602e-01 1.113821600449195426e+00 7.226827101889794491e+00
1.556177455114464148e-01 2.338535866733712776e-01 1.100943528056744336e+00 7.226824933861694333e+00
1.668355567082472624e-01 2.500000000000000555e-01 1.090332241654898393e+00 7.226821509484452122e+00
1.775345004964666573e-01 2.651650429449552426e-01 1.079821610077756011e+00 7.226816330088239759e+00
1.877945488496297610e-01 2.795084971874737256e-01 1.070256787126891096e+00 7.226808803312462004e+00
1.976561921933228105e-01 2.931509849889644137e-01 1.061331248857971810e+00 7.226798242593330812e+00
2.071599181026595737e-01 3.061862178478972352e-01 1.053479675861319631e+00 7.226783846875270534e+00
2.163462141527544014e-01 3.186887195995490862e-01 1.046118214762810972e+00 7.226764683281115431e+00
2.252555679187211446e-01 3.307189138830737285e-01 1.040094541485764745e+00 7.226739661027454353e+00
2.339284669756739876e-01 3.423265984407288243e-01 1.034641895541087653e+00 7.226707493972194030e+00
2.424053988987270869e-01 3.535533905932738419e-01 1.029665021175516504e+00 7.226666648769556112e+00
2.507226289825443821e-01 3.644344934278312409e-01 1.025396261737206549e+00 7.226615304236904791e+00
2.588944790046640021e-01 3.750000000000000555e-01 1.021537867592317683e+00 7.226551451538954396e+00
2.669281644407262566e-01 3.852758751855611119e-01 1.018241264945781266e+00 7.226472862813727360e+00
2.748308971282957813e-01 3.952847075210474403e-01 1.015540527497551082e+00 7.226377040037112565e+00
2.826098889049372120e-01 4.050462936504913292e-01 1.013705071891144893e+00 7.226261191033074738e+00
2.902723516082150179e-01 4.145780987944249207e-01 1.011897111356999224e+00 7.226122202010897055e+00
2.978254970756938902e-01 4.238956239453293140e-01 1.010114944259726588e+00 7.225956605891540541e+00
3.052765371449382981e-01 4.330127018922192428e-01 1.009241081283562158e+00 7.225760545625449893e+00
3.126326836535128773e-01 4.419417382415922191e-01 1.008437712075896497e+00 7.225529731612979845e+00
3.199011484389824855e-01 4.506939094329986961e-01 1.007643918642222580e+00 7.225259392232527667e+00
3.270891433389110925e-01 4.592793267718458528e-01 1.006858913373400277e+00 7.224944216356495197e+00
3.342038801908640000e-01 4.677071733467427217e-01 1.006081908660288349e+00 7.224578286587164833e+00
3.412525708324051776e-01 4.759858191164943464e-01 1.005312116893746666e+00 7.224155001768558293e+00
3.482424271010995387e-01 4.841229182759271277e-01 1.004548750464634210e+00 7.223666987120919813e+00
3.551806608345116079e-01 4.921254921257381953e-01 1.003791021763810631e+00 7.223105990095305629e+00
3.620744838702057988e-01 4.999999999999999445e-01 1.002971216700579760e+00 7.222462759749643801e+00
3.689302310210008651e-01 5.077524002897475519e-01 1.001525148318315628e+00 7.221727007862438263e+00
3.757498475857080633e-01 5.153882032022074622e-01 1.000086700884873503e+00 7.220887782521420384e+00
3.825339084202428186e-01 5.229125165837972267e-01 9.986557531470999782e-01 7.219933255051589782e+00
3.892829879235329971e-01 5.303300858899105963e-01 9.972321839482324313e-01 7.218850530796264486e+00
3.959976604945061873e-01 5.376453291901642784e-01 9.957686617041134891e-01 7.217625574828516299e+00
4.026785005320904220e-01 5.448623679425842470e-01 9.942267300117335616e-01 7.216243133550085176e+00
4.093260824352132898e-01 5.519850541454904835e-01 9.926924742659812839e-01 7.214686651941198292e+00
4.159409806028029344e-01 5.590169943749474513e-01 9.911657618961157157e-01 7.212938186277421337e+00
4.225237694337868888e-01 5.659615711335885813e-01 9.896464603313966935e-01 7.210978312141996582e+00
4.290750233270931857e-01 5.728219618694799786e-01 9.891170304888780018e-01 7.208786027580760702e+00
4.355953166816495248e-01 5.796011559684814962e-01 9.885910481058008958e-01 7.206338651273193285e+00
4.420852238963837721e-01 5.863019699779287164e-01 9.880675169275032754e-01 7.203611715628821521e+00
4.485453193702236829e-01 5.929270612815711328e-01 9.875463906180770302e-01 7.200578854764814629e+00
4.549761775020971233e-01 5.994789404140898892e-01 9.870276228416132724e-01 7.197211687380110412e+00
4.613783726909318483e-01 6.059599821770411676e-01 9.865111672622035588e-01 7.193479694615893649e+00
4.677524793356559463e-01 6.123724356957944703e-01 9.859969775439391126e-01 7.189350093084128090e+00
4.740990718351968392e-01 6.187184335382290845e-01 9.854850073509116015e-01 7.184787703357576660e+00
4.804187245884826707e-01 6.250000000000000000e-01 9.849752103472121378e-01 7.179754814349211145e+00
4.867120119944410850e-01 6.312190586476298382e-01 9.844675401969323891e-01 7.174211044168944618e+00
4.929795084520000037e-01 6.373774391990980615e-01 9.839619505641635788e-01 7.168113198234259187e+00
4.992217883600871819e-01 6.434768838116875500e-01 9.834583951129971524e-01 7.161415125631637402e+00
5.054394261176303749e-01 6.495190528383290030e-01 9.825728447749602079e-01 7.154067574980743416e+00
5.116329961235575041e-01 6.555055301063447137e-01 9.808525992791413683e-01 7.146018051345895294e+00
5.178030727767964914e-01 6.614378277661476790e-01 9.791388789915795865e-01 7.137210676071998883e+00
5.239502304762749807e-01 6.673173907519569514e-01 9.774315243746952708e-01 7.127586051796836131e+00
5.300750436209210603e-01 6.731456008918129674e-01 9.752234821010578036e-01 7.117081135309513584e+00
5.361780866096620413e-01 6.789237807000134683e-01 9.726831940592799430e-01 7.105629121386293434e+00
5.422599338414262338e-01 6.846531968814576485e-01 9.700054318366618800e-01 7.093159341238505888e+00
5.483211597151411709e-01 6.903350635742038222e-01 9.665916146409296861e-01 7.079597179749964830e+00
5.543623386297348299e-01 6.959705453537526898e-01 9.630228584627651411e-01 7.064864016257788037e+00
5.603840449841349658e-01 7.015607600201140270e-01 9.589453640009439894e-01 7.048877194232980870e+00
5.663868531772693338e-01 7.071067811865475727e-01 9.545002724688383955e-01 7.031550025834112816e+00
5.723712946604327945e-01 7.126096406869611988e-01 9.498109388979000256e-01 7.012791978111025060e+00
5.783377014593641396e-01 7.180703308172535770e-01 9.448971769682723565e-01 6.992509380061081359e+00
5.842863477581813347e-01 7.234898064243890925e-01 9.397453166534603941e-01 6.970605330215966511e+00
5.902175077348770227e-01 7.288689868556625928e-01 9.341451686073221072e-01 6.946979808270574708e+00
5.961314555674451787e-01 7.342087577794207398e-01 9.278366120095097314e-01 6.921530023405908949e+00
6.020284654338783348e-01 7.395099728874520162e-01 9.214889771856826783e-01 6.894150847252645598e+00
6.079088115121700220e-01 7.447734554883115310e-01 9.150803387266064348e-01 6.864735339199175890e+00
6.137727679803131053e-01 7.500000000000000000e-01 9.073269060245974238e-01 6.833175371205737925e+00
6.196206090163011160e-01 7.551903733496607707e-01 8.994435802777993594e-01 6.799362358388214567e+00
6.254526087981270299e-01 7.603453162872775284e-01 8.905956264575533021e-01 6.763188100349691645e+00
6.312690415037837122e-01 7.654655446197431434e-01 8.807181470903285847e-01 6.724545736518179773e+00
6.370701813112649159e-01 7.705517503711220018e-01 8.717814537398409502e-01 6.683330816555385745e+00
6.428563023985631730e-01 7.756046028744285614e-01 8.622860291477991712e-01 6.639442484205249073e+00
6.486276789436723478e-01 7.806247497997997886e-01 8.492113006987118684e-01 6.592784769738769590e+00
6.543845851245851941e-01 7.856128181235334518e-01 8.383890238676339202e-01 6.543267982430909235e+00
6.601272951192947991e-01 7.905694150420948807e-01 8.268517040378610128e-01 6.490810190308861749e+00
6.658564632952501672e-01 7.954951288348659499e-01 8.144640153786402159e-01 6.435334982478513766e+00
6.715744446741864770e-01 8.003905296791060664e-01 8.011889383935393294e-01 6.376758085295631595e+00
6.772840696114803549e-01 8.052561704203203830e-01 7.852528762900935488e-01 6.314997644062329663e+00
6.829881684845090506e-01 8.100925873009825473e-01 7.715372623477095848e-01 6.249979852348181986e+00
6.886895716706483705e-01 8.149003006503311441e-01 7.572234704080509360e-01 6.181640461011233434e+00
6.943911095472747874e-01 8.196798155377500450e-01 7.420935810455342452e-01 6.109926364571113488e+00
7.000956124917648848e-01 8.244316223920574727e-01 7.261412026325704261e-01 6.034797243451414772e+00
7.058059108814949134e-01 8.291561975888499525e-01 7.094032734585823397e-01 5.956227233725183368e+00
7.115248350938415678e-01 8.338540040078958882e-01 6.919355491980717643e-01 5.874206588739472323e+00
7.172552155061809875e-01 8.385254915624211769e-01 6.738064405670155521e-01 5.788743289370121836e+00
7.229998824958898673e-01 8.431710977020026032e-01 6.550759977323751260e-01 5.699864551985254657e+00
7.287616664403439026e-01 8.477912478906585170e-01 6.358040234423008030e-01 5.607618175912882919e+00
7.345433977169204542e-01 8.523863560616159463e-01 6.160424556428585330e-01 5.512073665881470852e+00
7.403479067029955507e-01 8.569568250501304885e-01 5.897872357092036610e-01 5.413323060234453976e+00
7.461780237759452206e-01 8.615030470056388445e-01 5.586692654950796699e-01 5.311481393534521978e+00
7.520365793131467136e-01 8.660254037844385966e-01 5.396858844880833006e-01 5.206686723395490546e+00
7.579263090407611925e-01 8.705242673240074502e-01 5.237081347934465780e-01 5.099101402511486469e+00
7.638495407955528949e-01 8.750000000000000000e-01 5.076199285496090230e-01 4.988917073677578529e+00
7.698084925632595610e-01 8.794529549668930191e-01 4.914398176467350554e-01 4.876347877316902668e+00
7.758053823280576244e-01 8.838834764831844382e-01 4.751839157139203240e-01 4.761625980287166549e+00
7.818424280741234078e-01 8.882919002219934468e-01 4.588786420847882352e-01 4.644998443422275969e+00
7.879218477856334557e-01 8.926785535678563033e-01 4.425525696786666296e-01 4.526723556084085054e+00
7.940458594467645348e-01 8.970437559004577066e-01 4.262392842995366693e-01 4.407066751080824574e+00
8.002166810416925236e-01 9.013878188659972812e-01 4.099709196541821421e-01 4.286296256652415870e+00
8.064378128681679581e-01 9.057110466368398782e-01 3.937792962418378284e-01 4.164653641707204201e+00
8.127190537861571640e-01 9.100137361600647568e-01 3.776945896843406092e-01 4.042252632810347635e+00
8.190721333493816703e-01 9.142961773954870752e-01 3.617484849559701732e-01 3.919164375313268778e+00
8.255087816160073810e-01 9.185586535436918165e-01 3.459772932755448838e-01 3.795455940086850166e+00
8.320407286441996453e-01 9.228014412645875186e-01 3.304136587766878796e-01 3.671191344788231170e+00
8.386797044921245892e-01 9.270248108869578729e-01 3.150801610365178695e-01 3.546433018181838648e+00
8.454374392179483388e-01 9.312290266094587210e-01 3.000077383504416995e-01 3.421243932162548962e+00
8.523256628798359102e-01 9.354143466934853324e-01 2.852265159087112312e-01 3.295690619613946826e+00
8.593574060773209178e-01 9.395810236483067568e-01 2.707676475318280263e-01 3.169824207627325752e+00
8.665510989646116879e-01 9.437293044088437277e-01 2.566616384694166975e-01 3.043616927112438031e+00
8.739265727899804270e-01 9.478594305064438341e-01 2.429401901896049987e-01 2.917047390486043223e+00
8.815036588042823862e-01 9.519716382329885818e-01 2.296350722952575640e-01 2.790135927672161120e+00
8.893021882583713733e-01 9.560661587986472032e-01 2.167776781937229558e-01 2.662954841965437414e+00
8.973419924031028616e-01 9.601432184835759776e-01 2.044068408140192472e-01 2.535638798860816667e+00
9.056429024893309920e-01 9.642030387838445016e-01 1.925604757840171100e-01 2.408394467737294597e+00
9.142247497679105717e-01 9.682458365518542553e-01 1.812137887226220045e-01 2.281508223375308120e+00
9.231102637795641774e-01 9.722718241315028154e-01 1.703567027212404827e-01 2.155310230589790876e+00
9.323358863100504879e-01 9.762812094883317471e-01 1.533367952864571893e-01 2.030040100031233585e+00
9.419421103777897430e-01 9.802741963348826637e-01 1.345356863617368781e-01 1.906010441803647648e+00
9.519694296013634371e-01 9.842509842514763907e-01 1.175108065839441523e-01 1.783663715206525779e+00
9.625008496098381716e-01 9.882117688026185176e-01 9.386584738165719421e-02 1.663090114898377658e+00
9.738042926116440290e-01 9.921567416492215186e-01 6.940604649437959184e-02 1.542721234070264735e+00
9.861979464559079700e-01 9.960860906568267392e-01 5.033371529777069808e-02 1.421379531255238415e+00
1.000000000000000000e+00 1.000000000000000000e+00 3.519500000000000406e-02 1.298988362896012161e+00
