# 1.rho_tor 2.rho_pol 3.Ti(keV) 4.ni(10^19m^-3)
#
0.000000000000000000e+00 0.000000000000000000e+00 1.395091000000000081e+00 3.745482753264527620e+00
5.780549421694903406e-02 8.838834764831871027e-02 1.374329845237410863e+00 3.668826927962147710e+00
8.200205497163555457e-02 1.249999999999999029e-01 1.361418736123287010e+00 3.643333298286728805e+00
1.006757479788508852e-01 1.530931089239487009e-01 1.348653648060842425e+00 3.620158640906360858e+00
1.165429736017842277e-01 1.767766952966367544e-01 1.338175892322045257e+00 3.613895561722026972e+00
1.307205470757286103e-01 1.976423537605237202e-01 1.328156725139755467e+00 3.608748115324448502e+00
1.436624299009922334e-01 2.165063509461097602e-01 1.318816457069644565e+00 3.600964862519021370e+00
1.556177455114464148e-01 2.338535866733712776e-01 1.309544615732690209e+00 3.593206833984841531e+00
1.668355567082472624e-01 2.500000000000000555e-01 1.301594208157320631e+00 3.590864268246430235e+00
1.775345004964666573e-01 2.651650429449552426e-01 1.293436479248675219e+00 3.583319957659975685e+00
1.877945488496297610e-01 2.795084971874737256e-01 1.286029203538469723e+00 3.570318640624622120e+00
1.976561921933228105e-01 2.931509849889644137e-01 1.280131598494773204e+00 3.561251685310562909e+00
2.071599181026595737e-01 3.061862178478972352e-01 1.275062578775228772e+00 3.556369464465104713e+00
2.163462141527544014e-01 3.186887195995490862e-01 1.270154893016526509e+00 3.552073339862134027e+00
2.252555679187211446e-01 3.307189138830737285e-01 1.265804150582614307e+00 3.549861993497720469e+00
2.339284669756739876e-01 3.423265984407288243e-01 1.261846569384578842e+00 3.548621837385816047e+00
2.424053988987270869e-01 3.535533905932738419e-01 1.258212623959608090e+00 3.547759201607702639e+00
2.507226289825443821e-01 3.644344934278312409e-01 1.255074278579538571e+00 3.544099067808275105e+00
2.588944790046640021e-01 3.750000000000000555e-01 1.252226133019506582e+00 3.540416996026269469e+00
2.669281644407262566e-01 3.852758751855611119e-01 1.249775454988170553e+00 3.537665150242466972e+00
2.748308971282957813e-01 3.952847075210474403e-01 1.247761521312542365e+00 3.535954116196161845e+00
2.826098889049372120e-01 4.050462936504913292e-01 1.246381490506577538e+00 3.535805001815615967e+00
2.902723516082150179e-01 4.145780987944249207e-01 1.245022132522445091e+00 3.535639634626915662e+00
2.978254970756938902e-01 4.238956239453293140e-01 1.243682167945241668e+00 3.535455575920498639e+00
3.052765371449382981e-01 4.330127018922192428e-01 1.243075279325397631e+00 3.533814220661943839e+00
3.126326836535128773e-01 4.419417382415922191e-01 1.242524121196418641e+00 3.532069839522817833e+00
3.199011484389824855e-01 4.506939094329986961e-01 1.241979532606857894e+00 3.530315365640531944e+00
3.270891433389110925e-01 4.592793267718458528e-01 1.241440973210911070e+00 3.528545763874413321e+00
3.342038801908640000e-01 4.677071733467427217e-01 1.240907902662774509e+00 3.526755620037802519e+00
3.412525708324051776e-01 4.759858191164943464e-01 1.240379780616644334e+00 3.524939094750890067e+00
3.482424271010995387e-01 4.841229182759271277e-01 1.239856066726716222e+00 3.523089870110726274e+00
3.551806608345116079e-01 4.921254921257381953e-01 1.239336220647186959e+00 3.521201088160768933e+00
3.620744838702057988e-01 4.999999999999999445e-01 1.238772201049219701e+00 3.518694028612889380e+00
3.689302310210008651e-01 5.077524002897475519e-01 1.237763593365549752e+00 3.510759124107047935e+00
3.757498475857080633e-01 5.153882032022074622e-01 1.236760301161862419e+00 3.502808122349044151e+00
3.825339084202428186e-01 5.229125165837972267e-01 1.235762239866180057e+00 3.494833174322476310e+00
3.892829879235329971e-01 5.303300858899105963e-01 1.234769324973756133e+00 3.486825888204338142e+00
3.959976604945061873e-01 5.376453291901642784e-01 1.233741032192149145e+00 3.478342962942772676e+00
4.026785005320904220e-01 5.448623679425842470e-01 1.232644439584184015e+00 3.469027161289327310e+00
4.093260824352132898e-01 5.519850541454904835e-01 1.231553305964040890e+00 3.459663749475655248e+00
4.159409806028029344e-01 5.590169943749474513e-01 1.230467537049920512e+00 3.450241736771059831e+00
4.225237694337868888e-01 5.659615711335885813e-01 1.229387038560023626e+00 3.440749446858386129e+00
4.290750233270931857e-01 5.728219618694799786e-01 1.229002088315982677e+00 3.435448962466823630e+00
4.355953166816495248e-01 5.796011559684814962e-01 1.228619621567056841e+00 3.430020023720232736e+00
4.420852238963837721e-01 5.863019699779287164e-01 1.228238937205437642e+00 3.424444552709518419e+00
4.485453193702236829e-01 5.929270612815711328e-01 1.227860001538087165e+00 3.418707714106118623e+00
4.549761775020971233e-01 5.994789404140898892e-01 1.227482780871967716e+00 3.412793733415318442e+00
4.613783726909318483e-01 6.059599821770411676e-01 1.227107241514041380e+00 3.406685854808331637e+00
4.677524793356559463e-01 6.123724356957944703e-01 1.226733349771270465e+00 3.400366298524980291e+00
4.740990718351968392e-01 6.187184335382290845e-01 1.226361071950616832e+00 3.393816218095669690e+00
4.804187245884826707e-01 6.250000000000000000e-01 1.225990374359043011e+00 3.387015657689323334e+00
4.867120119944410850e-01 6.312190586476298382e-01 1.225621223303511309e+00 3.379943509961127024e+00
4.929795084520000037e-01 6.373774391990980615e-01 1.225253585090983366e+00 3.372577474851199852e+00
4.992217883600871819e-01 6.434768838116875500e-01 1.224887426028421933e+00 3.364894019873680531e+00
5.054394261176303749e-01 6.495190528383290030e-01 1.224233449660987905e+00 3.357065546662942435e+00
5.116329961235575041e-01 6.555055301063447137e-01 1.222950627984508154e+00 3.349291622223919074e+00
5.178030727767964914e-01 6.614378277661476790e-01 1.221672672287108519e+00 3.341109126046378552e+00
5.239502304762749807e-01 6.673173907519569514e-01 1.220399463598406342e+00 3.332489202072969725e+00
5.300750436209210603e-01 6.731456008918129674e-01 1.218719433193580226e+00 3.322832363900593222e+00
5.361780866096620413e-01 6.789237807000134683e-01 1.216769317232047065e+00 3.312293233698462291e+00
5.422599338414262338e-01 6.846531968814576485e-01 1.214738731880082412e+00 3.301153986852921385e+00
5.483211597151411709e-01 6.903350635742038222e-01 1.212270680058484373e+00 3.289101193635608933e+00
5.543623386297348299e-01 6.959705453537526898e-01 1.209659756230970329e+00 3.276368308030523480e+00
5.603840449841349658e-01 7.015607600201140270e-01 1.206584561811527179e+00 3.262756654683830249e+00
5.663868531772693338e-01 7.071067811865475727e-01 1.203318606957348269e+00 3.247505259896100949e+00
5.723712946604327945e-01 7.126096406869611988e-01 1.199879524317138735e+00 3.231933575760753907e+00
5.783377014593641396e-01 7.180703308172535770e-01 1.196208457949942572e+00 3.217918785297386286e+00
5.842863477581813347e-01 7.234898064243890925e-01 1.192152701226769196e+00 3.231568637038713554e+00
5.902175077348770227e-01 7.288689868556625928e-01 1.187680895190003749e+00 3.249413414456231219e+00
5.961314555674451787e-01 7.342087577794207398e-01 1.182624571777468381e+00 3.270989006333103521e+00
6.020284654338783348e-01 7.395099728874520162e-01 1.177502820222821489e+00 3.294106917350276387e+00
6.079088115121700220e-01 7.447734554883115310e-01 1.172305211307111072e+00 3.319702522703642078e+00
6.137727679803131053e-01 7.500000000000000000e-01 1.166448166046354817e+00 3.348846111634536271e+00
6.196206090163011160e-01 7.551903733496607707e-01 1.160660312194530475e+00 3.377433634507795546e+00
6.254526087981270299e-01 7.603453162872775284e-01 1.154009004556349804e+00 3.411295027046383765e+00
6.312690415037837122e-01 7.654655446197431434e-01 1.147280632339848117e+00 3.446758471371595078e+00
6.370701813112649159e-01 7.705517503711220018e-01 1.140668166288917540e+00 3.482653263567661028e+00
6.428563023985631730e-01 7.756046028744285614e-01 1.134149883764827837e+00 3.518481404887333408e+00
6.486276789436723478e-01 7.806247497997997886e-01 1.124586080642927310e+00 3.564939613973837407e+00
6.543845851245851941e-01 7.856128181235334518e-01 1.115216097916016613e+00 3.611159023716993932e+00
6.601272951192947991e-01 7.905694150420948807e-01 1.106038160111233237e+00 3.659967326412818522e+00
6.658564632952501672e-01 7.954951288348659499e-01 1.097038263798294278e+00 3.714362598287508366e+00
6.715744446741864770e-01 8.003905296791060664e-01 1.088199857039753748e+00 3.698150915017266893e+00
6.772840696114803549e-01 8.052561704203203830e-01 1.078475064286130713e+00 3.662927337279535678e+00
6.829881684845090506e-01 8.100925873009825473e-01 1.067102148616682289e+00 3.614321460930986163e+00
6.886895716706483705e-01 8.149003006503311441e-01 1.055901108248185505e+00 3.568118836953080297e+00
6.943911095472747874e-01 8.196798155377500450e-01 1.044846166313214253e+00 3.520697981559631984e+00
7.000956124917648848e-01 8.244316223920574727e-01 1.033885141270879160e+00 3.469433581800166255e+00
7.058059108814949134e-01 8.291561975888499525e-01 1.022969877382871706e+00 3.421152018665935213e+00
7.115248350938415678e-01 8.338540040078958882e-01 1.012068802102354059e+00 3.371218529929597363e+00
7.172552155061809875e-01 8.385254915624211769e-01 1.001116131123381381e+00 3.316712456801752307e+00
7.229998824958898673e-01 8.431710977020026032e-01 9.900628581658489358e-01 3.262246726830041244e+00
7.287616664403439026e-01 8.477912478906585170e-01 9.788349981777572095e-01 3.216076020455238105e+00
7.345433977169204542e-01 8.523863560616159463e-01 9.688050507130169242e-01 3.167285195684932386e+00
7.403479067029955507e-01 8.569568250501304885e-01 9.560930077870184451e-01 3.099501413951740503e+00
7.461780237759452206e-01 8.615030470056388445e-01 9.408289864892587229e-01 3.016416270568984981e+00
7.520365793131467136e-01 8.660254037844385966e-01 9.248477996987096716e-01 2.929293886420111459e+00
7.579263090407611925e-01 8.705242673240074502e-01 9.089352834066445341e-01 2.838640724424791539e+00
7.638495407955528949e-01 8.750000000000000000e-01 8.948394278607215702e-01 2.752592449171882283e+00
7.698084925632595610e-01 8.794529549668930191e-01 8.800912621692068560e-01 2.689052611338040855e+00
7.758053823280576244e-01 8.838834764831844382e-01 8.646490181089202531e-01 2.624404247225166298e+00
7.818424280741234078e-01 8.882919002219934468e-01 8.484750404660637013e-01 2.558818095340438248e+00
7.879218477856334557e-01 8.926785535678563033e-01 8.332393526307575460e-01 2.492498261690055728e+00
7.940458594467645348e-01 8.970437559004577066e-01 8.200676927330479149e-01 2.425616500784813390e+00
8.002166810416925236e-01 9.013878188659972812e-01 8.064277687038934328e-01 2.358386937485801749e+00
8.064378128681679581e-01 9.057110466368398782e-01 7.923009052046208200e-01 2.291017997360141667e+00
8.127190537861571640e-01 9.100137361600647568e-01 7.776685584763852743e-01 2.223602490061599379e+00
8.190721333493816703e-01 9.142961773954870752e-01 7.625131737279255972e-01 2.156260738844857805e+00
8.255087816160073810e-01 9.185586535436918165e-01 7.468266831994267996e-01 2.089052444937865793e+00
8.320407286441996453e-01 9.228014412645875186e-01 7.305995880312754487e-01 2.022073367964999591e+00
8.386797044921245892e-01 9.270248108869578729e-01 7.138237028232686798e-01 1.955364540261662620e+00
8.454374392179483388e-01 9.312290266094587210e-01 7.005000217574188781e-01 1.889002501911619447e+00
8.523256628798359102e-01 9.354143466934853324e-01 6.887761208542386715e-01 1.823116483911801922e+00
8.593574060773209178e-01 9.395810236483067568e-01 6.768499267121261820e-01 1.757828626055054189e+00
8.665510989646116879e-01 9.437293044088437277e-01 6.647313623485107126e-01 1.693175885600426644e+00
8.739265727899804270e-01 9.478594305064438341e-01 6.524322247735566682e-01 1.629195320027744698e+00
8.815036588042823862e-01 9.519716382329885818e-01 6.399618104865765211e-01 1.565940183555789122e+00
8.893021882583713733e-01 9.560661587986472032e-01 6.273318755996114549e-01 1.503449454282977715e+00
8.973419924031028616e-01 9.601432184835759776e-01 6.145549002422054929e-01 1.441790264933932253e+00
9.056429024893309920e-01 9.642030387838445016e-01 6.016488906217999366e-01 1.381012066345407074e+00
9.142247497679105717e-01 9.682458365518542553e-01 5.886051730809830351e-01 1.321242772158372825e+00
9.231102637795641774e-01 9.722718241315028154e-01 5.754300965297539650e-01 1.262493607954619401e+00
9.323358863100504879e-01 9.762812094883317471e-01 5.532279399712313195e-01 1.167611217935789147e+00
9.419421103777897430e-01 9.802741963348826637e-01 5.260910001153354942e-01 1.056605703022413412e+00
9.519694296013634371e-01 9.842509842514763907e-01 4.985758837219171902e-01 9.486363641806575542e-01
9.625008496098381716e-01 9.882117688026185176e-01 4.706887254626235806e-01 8.432655969415565611e-01
9.738042926116440290e-01 9.921567416492215186e-01 4.424775692439711361e-01 7.391801113245550781e-01
9.861979464559079700e-01 9.960860906568267392e-01 4.140684429929376020e-01 6.354555140350190978e-01
1.000000000000000000e+00 1.000000000000000000e+00 3.856310000000000571e-01 5.322759863769387367e-01
