# 1.rho_tor 2.rho_pol 3.Te(keV) 4.ne(10^19m^-3)
#
0.000000000000000000e+00 0.000000000000000000e+00 1.218785000000000007e+00 7.226829533131599703e+00
5.780549421694903406e-02 8.838834764831871027e-02 1.190238185668457849e+00 7.226829528962889881e+00
8.200205497163555457e-02 1.249999999999999029e-01 1.172939666489903443e+00 7.226829472484038952e+00
1.006757479788508852e-01 1.530931089239487009e-01 1.154847096030901632e+00 7.226829239470517585e+00
1.165429736017842277e-01 1.767766952966367544e-01 1.140749769044588469e+00 7.226828625277809337e+00
1.307205470757286103e-01 1.976423537605237202e-01 1.127334906385999203e+00 7.226827327772690879e+00
1.436624299009922334e-01 2.165063509461097602e-01 1.113821600449195426e+00 7.226824950096466971e+00
1.556177455114464148e-01 2.338535866733712776e-01 1.100943528056744336e+00 7.226821008638462551e+00
1.668355567082472624e-01 2.500000000000000555e-01 1.090332241654898393e+00 7.226814885360984597e+00
1.775345004964666573e-01 2.651650429449552426e-01 1.079821610077756011e+00 7.226805761528820149e+00
1.877945488496297610e-01 2.795084971874737256e-01 1.070256787126891096e+00 7.226792683506958248e+00
1.976561921933228105e-01 2.931509849889644137e-01 1.061331248857971810e+00 7.226774565155666075e+00
2.071599181026595737e-01 3.061862178478972352e-01 1.053479675861319631e+00 7.226750156388129120e+00
2.163462141527544014e-01 3.186887195995490862e-01 1.046118214762810972e+00 7.226718018440396740e+00
2.252555679187211446e-01 3.307189138830737285e-01 1.040094541485764745e+00 7.226676485729738530e+00
2.339284669756739876e-01 3.423265984407288243e-01 1.034641895541087653e+00 7.226623610772188400e+00
2.424053988987270869e-01 3.535533905932738419e-01 1.029665021175516504e+00 7.226557088119069938e+00
2.507226289825443821e-01 3.644344934278312409e-01 1.025396261737206549e+00 7.226474199495808826e+00
2.588944790046640021e-01 3.750000000000000555e-01 1.021537867592317683e+00 7.226371985292406208e+00
2.669281644407262566e-01 3.852758751855611119e-01 1.018241264945781266e+00 7.226247198895580759e+00
2.748308971282957813e-01 3.952847075210474403e-01 1.015540527497551082e+00 7.226096231967119365e+00
2.826098889049372120e-01 4.050462936504913292e-01 1.013705071891144893e+00 7.225915085089337886e+00
2.902723516082150179e-01 4.145780987944249207e-01 1.011897111356999224e+00 7.225699333906037580e+00
2.978254970756938902e-01 4.238956239453293140e-01 1.010114944259726588e+00 7.225444089829733407e+00
3.052765371449382981e-01 4.330127018922192428e-01 1.009241081283562158e+00 7.225143954337028163e+00
3.126326836535128773e-01 4.419417382415922191e-01 1.008437712075896497e+00 7.224792965780325815e+00
3.199011484389824855e-01 4.506939094329986961e-01 1.007643918642222580e+00 7.224384537533802053e+00
3.270891433389110925e-01 4.592793267718458528e-01 1.006858913373400277e+00 7.223911386160749792e+00
3.342038801908640000e-01 4.677071733467427217e-01 1.006081908660288349e+00 7.223365448133507449e+00
3.412525708324051776e-01 4.759858191164943464e-01 1.005312116893746666e+00 7.222737783451467664e+00
3.482424271010995387e-01 4.841229182759271277e-01 1.004548750464634210e+00 7.222018464281784844e+00
3.551806608345116079e-01 4.921254921257381953e-01 1.003791021763810631e+00 7.221196446485430798e+00
3.620744838702057988e-01 4.999999999999999445e-01 1.002971216700579760e+00 7.220259421581477710e+00
3.689302310210008651e-01 5.077524002897475519e-01 1.001525148318315628e+00 7.219193791873191657e+00
3.757498475857080633e-01 5.153882032022074622e-01 1.000086700884873503e+00 7.217985238914252477e+00
3.825339084202428186e-01 5.229125165837972267e-01 9.986557531470999782e-01 7.216618435287736943e+00
3.892829879235329971e-01 5.303300858899105963e-01 9.972321839482324313e-01 7.215076800436157178e+00
3.959976604945061873e-01 5.376453291901642784e-01 9.957686617041134891e-01 7.213342427465090800e+00
4.026785005320904220e-01 5.448623679425842470e-01 9.942267300117335616e-01 7.211396007224518456e+00
4.093260824352132898e-01 5.519850541454904835e-01 9.926924742659812839e-01 7.209216749571446314e+00
4.159409806028029344e-01 5.590169943749474513e-01 9.911657618961157157e-01 7.206782301801964330e+00
4.225237694337868888e-01 5.659615711335885813e-01 9.896464603313966935e-01 7.204068664264309696e+00
4.290750233270931857e-01 5.728219618694799786e-01 9.891170304888780018e-01 7.201050103193729512e+00
4.355953166816495248e-01 5.796011559684814962e-01 9.885910481058008958e-01 7.197699060846300512e+00
4.420852238963837721e-01 5.863019699779287164e-01 9.880675169275032754e-01 7.193986063053381841e+00
4.485453193702236829e-01 5.929270612815711328e-01 9.875463906180770302e-01 7.189879624372362166e+00
4.549761775020971233e-01 5.994789404140898892e-01 9.870276228416132724e-01 7.185346151074414323e+00
4.613783726909318483e-01 6.059599821770411676e-01 9.865111672622035588e-01 7.180349842287570894e+00
4.677524793356559463e-01 6.123724356957944703e-01 9.859969775439391126e-01 7.174852589705469796e+00
4.740990718351968392e-01 6.187184335382290845e-01 9.854850073509116015e-01 7.168813876380482064e+00
4.804187245884826707e-01 6.250000000000000000e-01 9.849752103472121378e-01 7.162190675246691285e+00
4.867120119944410850e-01 6.312190586476298382e-01 9.844675401969323891e-01 7.154937348165510969e+00
4.929795084520000037e-01 6.373774391990980615e-01 9.839619505641635788e-01 7.147005546456791869e+00
4.992217883600871819e-01 6.434768838116875500e-01 9.834583951129971524e-01 7.138344114073265523e+00
5.054394261176303749e-01 6.495190528383290030e-01 9.825728447749602079e-01 7.128898994798321453e+00
5.116329961235575041e-01 6.555055301063447137e-01 9.808525992791413683e-01 7.118613145098088957e+00
5.178030727767964914e-01 6.614378277661476790e-01 9.791388789915795865e-01 7.107426454540439309e+00
5.239502304762749807e-01 6.673173907519569514e-01 9.774315243746952708e-01 7.095275676006648879e+00
5.300750436209210603e-01 6.731456008918129674e-01 9.752234821010578036e-01 7.082094368266546702e+00
5.361780866096620413e-01 6.789237807000134683e-01 9.726831940592799430e-01 7.067812853864326783e+00
5.422599338414262338e-01 6.846531968814576485e-01 9.700054318366618800e-01 7.052358195667904006e+00
5.483211597151411709e-01 6.903350635742038222e-01 9.665916146409296861e-01 7.035654195866316130e+00
5.543623386297348299e-01 6.959705453537526898e-01 9.630228584627651411e-01 7.017621421651630165e+00
5.603840449841349658e-01 7.015607600201140270e-01 9.589453640009439894e-01 6.998177262286365163e+00
5.663868531772693338e-01 7.071067811865475727e-01 9.545002724688383955e-01 6.977236022723709574e+00
5.723712946604327945e-01 7.126096406869611988e-01 9.498109388979000256e-01 6.954709227225291279e+00
5.783377014593641396e-01 7.180703308172535770e-01 9.448971769682723565e-01 6.930506526475903151e+00
5.842863477581813347e-01 7.234898064243890925e-01 9.397453166534603941e-01 6.904535619961628790e+00
5.902175077348770227e-01 7.288689868556625928e-01 9.341451686073221072e-01 6.876702414972982069e+00
5.961314555674451787e-01 7.342087577794207398e-01 9.278366120095097314e-01 6.846911449832289165e+00
6.020284654338783348e-01 7.395099728874520162e-01 9.214889771856826783e-01 6.815066393270230449e+00
6.079088115121700220e-01 7.447734554883115310e-01 9.150803387266064348e-01 6.781070625495847715e+00
6.137727679803131053e-01 7.500000000000000000e-01 9.073269060245974238e-01 6.744827905853581385e+00
6.196206090163011160e-01 7.551903733496607707e-01 8.994435802777993594e-01 6.706243130987301626e+00
6.254526087981270299e-01 7.603453162872775284e-01 8.905956264575533021e-01 6.665223186116396192e+00
6.312690415037837122e-01 7.654655446197431434e-01 8.807181470903285847e-01 6.621677890335686101e+00
6.370701813112649159e-01 7.705517503711220018e-01 8.717814537398409502e-01 6.575521034749216120e+00
6.428563023985631730e-01 7.756046028744285614e-01 8.622860291477991712e-01 6.526671509718146247e+00
6.486276789436723478e-01 7.806247497997997886e-01 8.492113006987118684e-01 6.475054514539987593e+00
6.543845851245851941e-01 7.856128181235334518e-01 8.383890238676339202e-01 6.420602839494588210e+00
6.601272951192947991e-01 7.905694150420948807e-01 8.268517040378610128e-01 6.363258206428796804e+00
6.658564632952501672e-01 7.954951288348659499e-01 8.144640153786402159e-01 6.302968545752017704e+00
6.715744446741864770e-01 8.003905296791060664e-01 8.011889383935393294e-01 6.239673370717349066e+00
6.772840696114803549e-01 8.052561704203203830e-01 7.852528762900935488e-01 6.173315012918325628e+00
6.829881684845090506e-01 8.100925873009825473e-01 7.715372623477095848e-01 6.103844528173254957e+00
6.886895716706483705e-01 8.149003006503311441e-01 7.572234704080509360e-01 6.031223053037694903e+00
6.943911095472747874e-01 8.196798155377500450e-01 7.420935810455342452e-01 5.955423214576583746e+00
7.000956124917648848e-01 8.244316223920574727e-01 7.261412026325704261e-01 5.876430571006870274e+00
7.058059108814949134e-01 8.291561975888499525e-01 7.094032734585823397e-01 5.794245054400557926e+00
7.115248350938415678e-01 8.338540040078958882e-01 6.919355491980717643e-01 5.708882379998610368e+00
7.172552155061809875e-01 8.385254915624211769e-01 6.738064405670155521e-01 5.620375379826904272e+00
7.229998824958898673e-01 8.431710977020026032e-01 6.550759977323751260e-01 5.528775211548380142e+00
7.287616664403439026e-01 8.477912478906585170e-01 6.358040234423008030e-01 5.434152387264002293e+00
7.345433977169204542e-01 8.523863560616159463e-01 6.160424556428585330e-01 5.336597561841394999e+00
7.403479067029955507e-01 8.569568250501304885e-01 5.897872357092036610e-01 5.236222016978433480e+00
7.461780237759452206e-01 8.615030470056388445e-01 5.586692654950796699e-01 5.133157776380993020e+00
7.520365793131467136e-01 8.660254037844385966e-01 5.396858844880833006e-01 5.027557290013990432e+00
7.579263090407611925e-01 8.705242673240074502e-01 5.237081347934465780e-01 4.919594380368570441e+00
7.638495407955528949e-01 8.750000000000000000e-01 5.076199285496090230e-01 4.809468884125648103e+00
7.698084925632595610e-01 8.794529549668930191e-01 4.914398176467350554e-01 4.697399478353882607e+00
7.758053823280576244e-01 8.838834764831844382e-01 4.751839157139203240e-01 4.583618977728193045e+00
7.818424280741234078e-01 8.882919002219934468e-01 4.588786420847882352e-01 4.468371057962144732e+00
7.879218477856334557e-01 8.926785535678563033e-01 4.425525696786666296e-01 4.351906525100251777e+00
7.940458594467645348e-01 8.970437559004577066e-01 4.262392842995366693e-01 4.234479252431437857e+00
8.002166810416925236e-01 9.013878188659972812e-01 4.099709196541821421e-01 4.116341947265256707e+00
8.064378128681679581e-01 9.057110466368398782e-01 3.937792962418378284e-01 3.997717563266827590e+00
8.127190537861571640e-01 9.100137361600647568e-01 3.776945896843406092e-01 3.878701577259284772e+00
8.190721333493816703e-01 9.142961773954870752e-01 3.617484849559701732e-01 3.759346352974014760e+00
8.255087816160073810e-01 9.185586535436918165e-01 3.459772932755448838e-01 3.639698818960564797e+00
8.320407286441996453e-01 9.228014412645875186e-01 3.304136587766878796e-01 3.519801446132460043e+00
8.386797044921245892e-01 9.270248108869578729e-01 3.150801610365178695e-01 3.399693699624855014e+00
8.454374392179483388e-01 9.312290266094587210e-01 3.000077383504416995e-01 3.279414196423295902e+00
8.523256628798359102e-01 9.354143466934853324e-01 2.852265159087112312e-01 3.159003790179743199e+00
8.593574060773209178e-01 9.395810236483067568e-01 2.707676475318280263e-01 3.038487707940232152e+00
8.665510989646116879e-01 9.437293044088437277e-01 2.566616384694166975e-01 2.917815402583637585e+00
8.739265727899804270e-01 9.478594305064438341e-01 2.429401901896049987e-01 2.796942848149430283e+00
8.815036588042823862e-01 9.519716382329885818e-01 2.296350722952575640e-01 2.675866604168847029e+00
8.893021882583713733e-01 9.560661587986472032e-01 2.167776781937229558e-01 2.554633881593109113e+00
8.973419924031028616e-01 9.601432184835759776e-01 2.044068408140192472e-01 2.433352788224049768e+00
9.056429024893309920e-01 9.642030387838445016e-01 1.925604757840171100e-01 2.312201873419217346e+00
9.142247497679105717e-01 9.682458365518542553e-01 1.812137887226220045e-01 2.191437784010366485e+00
9.231102637795641774e-01 9.722718241315028154e-01 1.703567027212404827e-01 2.071361325693494848e+00
9.323358863100504879e-01 9.762812094883317471e-01 1.533367952864571893e-01 1.952189784379185555e+00
9.419421103777897430e-01 9.802741963348826637e-01 1.345356863617368781e-01 1.834212467360862853e+00
9.519694296013634371e-01 9.842509842514763907e-01 1.175108065839441523e-01 1.717844457552896831e+00
9.625008496098381716e-01 9.882117688026185176e-01 9.386584738165719421e-02 1.603167682494771595e+00
9.738042926116440290e-01 9.921567416492215186e-01 6.940604649437959184e-02 1.488688107564084318e+00
9.861979464559079700e-01 9.960860906568267392e-01 5.033371529777069808e-02 1.373284502913216798e+00
1.000000000000000000e+00 1.000000000000000000e+00 3.519500000000000406e-02 1.256883286092893792e+00
